sim =  True
[[  3.45747880e+73   5.61363385e+73   1.67940681e+73   4.67068424e+73
    7.36457199e+72  -9.19951937e+72]
 [  5.61363385e+73   1.04852971e+74   5.91331982e+73   8.99485369e+73
    4.42287640e+73   1.46808358e+73]
 [  1.67940681e+73   5.91331982e+73   8.33025244e+73   5.54624211e+73
    7.96317474e+73   6.53811683e+73]
 [  4.67068424e+73   8.99485369e+73   5.54624211e+73   7.76288421e+73
    4.31427263e+73   1.80348293e+73]
 [  7.36457199e+72   4.42287640e+73   7.96317474e+73   4.31427263e+73
    7.85457096e+73   6.87351618e+73]
 [ -9.19951937e+72   1.46808358e+73   6.53811683e+73   1.80348293e+73
    6.87351618e+73   6.73754371e+73]]
====
[[  6.55139550e-69  -6.68885185e-69  -7.39588652e-69   5.65370790e-69
    4.94667325e-69   2.96911297e-69]
 [ -6.68885186e-69   8.33106719e-69   7.82860806e-69  -6.89417427e-69
   -7.39663343e-69  -9.34179348e-70]
 [ -7.39588651e-69   7.82860802e-69   8.41239722e-69  -6.59743659e-69
   -6.01364741e-69  -2.97807045e-69]
 [  5.65370792e-69  -6.89417427e-69  -6.59743662e-69   5.72191716e-69
    6.01865483e-69   1.00459071e-69]
 [  4.94667323e-69  -7.39663339e-69  -6.01364741e-69   6.01865479e-69
    7.40164079e-69  -1.03930040e-69]
 [  2.96911297e-69  -9.34179349e-70  -2.97807046e-69   1.00459071e-69
   -1.03930039e-69   4.29026575e-69]]
====
(array([  1.19066762e+58,   2.94106003e+67,   1.49305861e+68,
         1.03455572e+71,   1.32096196e+74,   3.14080442e+74]), array([[  1.85367467e-11,  -4.20003820e-01,  -2.86105780e-01,
          7.33492423e-01,   4.02401983e-01,  -2.04454844e-01],
       [  5.00000000e-01,   4.89835714e-01,  -1.60499160e-01,
         -1.71206926e-01,   4.57276757e-01,  -4.95870094e-01],
       [ -5.00000000e-01,   4.85672434e-01,   2.41555216e-01,
          3.85285325e-01,  -2.69715884e-01,  -4.84336582e-01],
       [ -5.00000000e-01,  -4.08195971e-01,   8.97577299e-02,
         -5.10356114e-01,   3.42021617e-01,  -4.44834182e-01],
       [  5.00000001e-01,  -4.12359250e-01,   4.91812104e-01,
          4.61361378e-02,  -3.84971023e-01,  -4.33300671e-01],
       [ -5.51957046e-10,  -1.05432204e-01,  -7.64263688e-01,
         -1.47106648e-01,  -5.39483529e-01,  -3.03483478e-01]]))
====
6.68219856216e+15
====
[[  1.00000000e+00  -5.76873248e-10  -7.91074733e-10   4.22026186e-10
    6.49534356e-10   1.00920444e-10]
 [  6.12916988e-10   7.49999999e-01   2.50000000e-01   2.50000001e-01
   -2.49999999e-01  -2.05762140e-11]
 [ -2.58961129e-11   2.50000000e-01   7.50000000e-01  -2.50000000e-01
    2.50000000e-01   1.46948517e-10]
 [  4.28050226e-10   2.50000000e-01  -2.50000001e-01   7.50000000e-01
    2.50000000e-01   1.84221118e-10]
 [ -7.32992654e-11  -2.50000000e-01   2.50000000e-01   2.50000000e-01
    7.50000000e-01  -8.20702707e-11]
 [ -2.91802303e-10   3.14414893e-10   3.93730974e-10  -1.56652912e-10
   -4.73358272e-10   1.00000000e+00]] [[ 1.  0.  0.  0.  0.  0.]
 [ 0.  1.  0.  0.  0.  0.]
 [ 0.  0.  1.  0.  0.  0.]
 [ 0.  0.  0.  1.  0.  0.]
 [ 0.  0.  0.  0.  1.  0.]
 [ 0.  0.  0.  0.  0.  1.]]
