[[  1.09285632e+72   1.88435086e+72   4.59851957e+71   1.23201275e+72
   -1.92486152e+71  -1.02869916e+72]
 [  1.88435086e+72   3.72472296e+72   1.91453654e+72   2.86434128e+72
    1.05415486e+72  -6.08865795e+71]
 [  4.59851957e+71   1.91453654e+72   2.86326288e+72   2.25934462e+72
    3.20807096e+72   2.33395339e+72]
 [  1.23201275e+72   2.86434128e+72   2.25934462e+72   2.54531224e+72
    1.94031558e+72   6.52023487e+71]
 [ -1.92486152e+71   1.05415486e+72   3.20807096e+72   1.94031558e+72
    4.09423169e+72   3.59484267e+72]
 [ -1.02869916e+72  -6.08865795e+71   2.33395339e+72   6.52023487e+71
    3.59484267e+72   3.83875435e+72]]
====
(array([  1.96111539e+56,   2.85781698e+66,   5.17384514e+68,
         1.22541423e+70,   6.62720036e+72,   1.15191657e+73]), array([[ -7.73488692e-11,   5.84140118e-01,  -6.71582037e-01,
          2.17558822e-01,   3.93097021e-01,  -7.68165384e-02],
       [  5.00000000e-01,   8.23810743e-02,   5.00500963e-01,
          1.02641642e-01,   6.11591430e-01,  -3.28835462e-01],
       [ -5.00000000e-01,  -2.39447630e-01,   6.74878128e-02,
          6.63320792e-01,   6.67382188e-03,  -4.98067481e-01],
       [ -5.00000000e-01,  -5.10609051e-02,  -2.40683200e-02,
         -6.90755221e-01,   3.40422282e-01,  -3.92152259e-01],
       [  5.00000000e-01,  -3.72889609e-01,  -4.57081470e-01,
         -1.30076071e-01,  -2.64495326e-01,  -5.61384278e-01],
       [ -8.92139196e-11,   6.73056191e-01,   2.90549470e-01,
         -8.98655664e-02,  -5.34360372e-01,  -4.11046884e-01]]))
====
6.98756055069e+15
====
False
