sim =  True
[[  2.34027768e+75   3.63035586e+75   9.38910102e+74   2.98619523e+75
    2.94749468e+74  -8.02567967e+74]
 [  3.63035586e+75   6.49021077e+75   3.24803571e+75   5.52388176e+75
    2.28170669e+75   4.20281593e+74]
 [  9.38910102e+74   3.24803571e+75   4.25048445e+75   3.05387094e+75
    4.05631968e+75   3.27912740e+75]
 [  2.98619523e+75   5.52388176e+75   3.05387094e+75   4.73629200e+75
    2.26628118e+75   7.00934189e+74]
 [  2.94749468e+74   2.28170669e+75   4.05631968e+75   2.26628118e+75
    4.04089417e+75   3.55978000e+75]
 [ -8.02567967e+74   4.20281593e+74   3.27912740e+75   7.00934189e+74
    3.55978000e+75   3.62288205e+75]]
====
[[  2.15365560e-71  -2.89204060e-72  -2.04024430e-71   4.05777109e-72
   -1.34526313e-71   3.60062533e-71]
 [ -2.89204060e-72   1.47085161e-71   5.38921474e-72  -1.12174072e-71
   -2.05367085e-71   1.51244585e-71]
 [ -2.04024430e-71   5.38921474e-72   1.98911591e-71  -5.86589930e-72
    8.63604507e-72  -3.04994172e-71]
 [  4.05777109e-72  -1.12174072e-71  -5.86589930e-72   8.74922972e-72
    1.41007376e-71  -8.03835720e-72]
 [ -1.34526313e-71  -2.05367085e-71   8.63604507e-72   1.41007376e-71
    4.32734913e-71  -5.36622329e-71]
 [  3.60062533e-71   1.51244585e-71  -3.04994172e-71  -8.03835721e-72
   -5.36622329e-71   8.81103794e-71]]
====
(array([ -2.82056112e+60,   6.67407014e+69,   2.15633086e+70,
         1.65368253e+73,   8.07889941e+75,   1.73855766e+76]), array([[  2.59288003e-10,   2.98911573e-01,  -4.18383044e-01,
          7.21579122e-01,   3.88549766e-01,  -2.52903440e-01],
       [  5.00000000e-01,   1.49844682e-01,   4.94548639e-01,
         -1.75526054e-01,   3.83862942e-01,  -5.52094250e-01],
       [ -5.00000000e-01,  -2.48617108e-01,   4.78546950e-01,
          3.98959647e-01,  -3.22518162e-01,  -4.42713887e-01],
       [ -5.00000000e-01,  -8.48871413e-02,  -4.06242054e-01,
         -5.16514792e-01,   2.69228762e-01,  -4.88354287e-01],
       [  5.00000000e-01,  -4.83348933e-01,  -4.22243743e-01,
          5.79709089e-02,  -4.37152341e-01,  -3.78973924e-01],
       [  4.33779185e-10,   7.65216283e-01,  -8.97089911e-02,
         -1.38554028e-01,  -5.77991402e-01,  -2.30488737e-01]]))
====
5.75031967616e+15
====
[[  1.00000000e+00  -1.07648588e-10   7.37628332e-11   1.09454370e-10
   -1.05636682e-10   5.91729565e-11]
 [ -9.85948825e-11   7.50000000e-01   2.50000000e-01   2.50000000e-01
   -2.50000000e-01  -1.07242691e-10]
 [  1.12395676e-10   2.50000000e-01   7.50000000e-01  -2.50000000e-01
    2.50000000e-01   1.38230056e-10]
 [  1.06715965e-10   2.50000000e-01  -2.50000000e-01   7.50000000e-01
    2.50000000e-01   1.60580247e-10]
 [ -9.26241754e-11  -2.50000000e-01   2.50000000e-01   2.50000000e-01
    7.50000000e-01  -1.87432929e-10]
 [ -9.79386401e-12  -1.44976128e-10   1.63648399e-10   1.50753836e-10
   -1.74493400e-10   1.00000000e+00]] [[ 1.  0.  0.  0.  0.  0.]
 [ 0.  1.  0.  0.  0.  0.]
 [ 0.  0.  1.  0.  0.  0.]
 [ 0.  0.  0.  1.  0.  0.]
 [ 0.  0.  0.  0.  1.  0.]
 [ 0.  0.  0.  0.  0.  1.]]
