sim =  True
[[  1.95641273e+75   3.03523324e+75   7.87038247e+74   2.49669627e+75
    2.48501274e+74  -6.68950471e+74]
 [  3.03523324e+75   5.42823664e+75   2.72059343e+75   4.62036227e+75
    1.91271906e+75   3.56033422e+74]
 [  7.87038247e+74   2.72059343e+75   3.55625614e+75   2.55783522e+75
    3.39349793e+75   2.74250027e+75]
 [  2.49669627e+75   4.62036227e+75   2.55783522e+75   3.96193466e+75
    1.89940761e+75   5.90268822e+74]
 [  2.48501274e+74   1.91271906e+75   3.39349793e+75   1.89940761e+75
    3.38018648e+75   2.97673567e+75]
 [ -6.68950471e+74   3.56033422e+74   2.74250027e+75   5.90268822e+74
    2.97673567e+75   3.02838306e+75]]
====
[[  2.55627983e-71  -3.40186664e-72  -2.42127550e-71   4.79461662e-72
   -1.60162717e-71   4.27822384e-71]
 [ -3.40186664e-72   1.76156870e-71   6.39193042e-72  -1.34255227e-71
   -2.46492793e-71   1.82347248e-71]
 [ -2.42127550e-71   6.39193042e-72   2.36064527e-71  -6.95941399e-72
    1.02551083e-71  -3.62016288e-71]
 [  4.79461662e-72  -1.34255227e-71  -6.95941399e-72   1.04633845e-71
    1.69294932e-71  -9.74029529e-72]
 [ -1.60162717e-71  -2.46492793e-71   1.02551083e-71   1.69294932e-71
    5.18338807e-71  -6.41766488e-71]
 [  4.27822384e-71   1.82347248e-71  -3.62016288e-71  -9.74029528e-72
   -6.41766488e-71   1.05071687e-70]]
====
(array([ -2.30943170e+60,   5.59308069e+69,   1.80867328e+70,
         1.38533173e+73,   6.74660361e+75,   1.45509291e+76]), array([[ -1.41751234e-11,   2.97157514e-01,  -4.19663214e-01,
          7.21481130e-01,   3.88827176e-01,  -2.52702601e-01],
       [  5.00000000e-01,   1.51862639e-01,   4.93954645e-01,
         -1.75530946e-01,   3.84065192e-01,  -5.51932390e-01],
       [ -5.00000000e-01,  -2.46709001e-01,   4.79510900e-01,
          3.99080955e-01,  -3.22229284e-01,  -4.42839299e-01],
       [ -5.00000000e-01,  -8.64908005e-02,  -4.05843305e-01,
         -5.16604544e-01,   2.69324063e-01,  -4.88256948e-01],
       [  5.00000000e-01,  -4.85062440e-01,  -4.20287049e-01,
          5.80073574e-02,  -4.36970412e-01,  -3.79163857e-01],
       [ -4.46535710e-11,   7.64855274e-01,  -9.27949377e-02,
         -1.38358767e-01,  -5.77924780e-01,  -2.30749452e-01]]))
====
1.10278378065e+15
====
[[  1.00000000e+00   1.98698707e-11  -3.06658575e-11  -3.10477364e-11
    3.72421561e-11  -2.47218122e-11]
 [  7.01364733e-11   7.50000000e-01   2.50000000e-01   2.50000000e-01
   -2.50000000e-01   9.95026326e-11]
 [ -4.63995795e-11   2.50000000e-01   7.50000000e-01  -2.50000000e-01
    2.50000000e-01  -6.01555963e-11]
 [ -2.21270661e-11   2.50000000e-01  -2.50000000e-01   7.50000000e-01
    2.50000000e-01  -6.31265371e-11]
 [  2.61769251e-11  -2.50000000e-01   2.50000000e-01   2.50000000e-01
    7.50000000e-01   7.19174386e-11]
 [  1.72490365e-11   7.29687109e-11  -1.08816057e-10  -6.99527150e-11
    3.62708182e-11   1.00000000e+00]] [[ 1.  0.  0.  0.  0.  0.]
 [ 0.  1.  0.  0.  0.  0.]
 [ 0.  0.  1.  0.  0.  0.]
 [ 0.  0.  0.  1.  0.  0.]
 [ 0.  0.  0.  0.  1.  0.]
 [ 0.  0.  0.  0.  0.  1.]]
