sim =  True
[[  6.11391480e+76   9.60500797e+76   2.65421425e+76   7.92448519e+76
    9.73691478e+75  -1.91502490e+76]
 [  9.60500797e+76   1.72743861e+77   8.75237476e+76   1.47163920e+77
    6.19438066e+76   1.24944858e+76]
 [  2.65421425e+76   8.75237476e+76   1.10367970e+77   8.18620322e+76
    1.04706254e+77   8.35392573e+76]
 [  7.92448519e+76   1.47163920e+77   8.18620322e+76   1.26237537e+77
    6.09356485e+76   1.92765837e+76]
 [  9.73691478e+75   6.19438066e+76   1.04706254e+77   6.09356485e+76
    1.03698096e+77   9.03213551e+76]
 [ -1.91502490e+76   1.24944858e+76   8.35392573e+76   1.92765837e+76
    9.03213551e+76   9.13540935e+76]]
====
[[  8.46308542e-73  -1.04755935e-73  -8.00850930e-73   1.53902616e-73
   -5.42192379e-73   1.42766691e-72]
 [ -1.04755935e-73   7.33966473e-73   2.32256250e-73  -5.56317059e-73
   -1.05802728e-72   8.28722575e-73]
 [ -8.00850930e-73   2.32256250e-73   7.86076567e-73  -2.47207967e-73
    3.06612350e-73  -1.16946032e-72]
 [  1.53902616e-73  -5.56317059e-73  -2.47207967e-73   4.29880913e-73
    7.38990005e-73  -4.86934667e-73]
 [ -5.42192379e-73  -1.05802728e-72   3.06612350e-73   7.38990005e-73
    2.10362964e-72  -2.48511757e-72]
 [  1.42766691e-72   8.28722576e-73  -1.16946032e-72  -4.86934667e-73
   -2.48511757e-72   3.81513483e-72]]
====
(array([ -9.86587773e+61,   1.50664962e+71,   4.81993497e+71,
         3.30047646e+74,   2.03611006e+77,   4.61599019e+77]), array([[  4.71749707e-13,   2.55179004e-01,  -4.45913414e-01,
          7.22281542e-01,   3.83681821e-01,  -2.59118770e-01],
       [  5.00000000e-01,   1.98793869e-01,   4.76755716e-01,
         -1.75221510e-01,   3.74235664e-01,  -5.58954448e-01],
       [ -5.00000000e-01,  -1.99569547e-01,   5.01235574e-01,
          3.98701891e-01,  -3.30330891e-01,  -4.36867486e-01],
       [ -5.00000000e-01,  -1.24857464e-01,  -3.96154680e-01,
         -5.15929443e-01,   2.60752171e-01,  -4.93251659e-01],
       [  5.00000000e-01,  -5.23220879e-01,  -3.71674822e-01,
          5.79939578e-02,  -4.43814384e-01,  -3.71164696e-01],
       [  7.72456538e-11,   7.52454115e-01,  -1.65974123e-01,
         -1.38192292e-01,  -5.81940314e-01,  -2.20258387e-01]]))
====
2.41596757692e+15
====
[[  1.00000000e+00   2.11169348e-11  -7.75237324e-11  -8.07068303e-12
   -5.23346505e-11   1.43124569e-10]
 [  3.24586912e-11   7.50000000e-01   2.50000000e-01   2.50000000e-01
   -2.50000000e-01  -4.23939001e-11]
 [  2.37566900e-12   2.50000000e-01   7.50000000e-01  -2.50000000e-01
    2.50000000e-01   6.01845052e-11]
 [  1.91734979e-11   2.50000000e-01  -2.50000000e-01   7.50000000e-01
    2.50000000e-01   4.86332227e-11]
 [  1.84242629e-11  -2.50000000e-01   2.50000000e-01   2.50000000e-01
    7.50000000e-01  -5.44691050e-11]
 [ -8.95778496e-12  -3.86446129e-11   4.72239059e-11   3.33834916e-11
   -3.51633087e-11   1.00000000e+00]] [[ 1.  0.  0.  0.  0.  0.]
 [ 0.  1.  0.  0.  0.  0.]
 [ 0.  0.  1.  0.  0.  0.]
 [ 0.  0.  0.  1.  0.  0.]
 [ 0.  0.  0.  0.  1.  0.]
 [ 0.  0.  0.  0.  0.  1.]]
