sim =  True
[[  53.66989861   87.33445317   24.40596334   72.75995634    9.83146651
   -15.78808266]
 [  87.33445317  171.51419519  114.38692691  148.49148734   91.36421906
    43.82819081]
 [  24.40596334  114.38692691  204.67784253  109.40865706  199.69957268
   173.0895473 ]
 [  72.75995634  148.49148734  109.40865706  129.4462871    90.36345682
    49.6498295 ]
 [   9.83146651   91.36421906  199.69957268   90.36345682  198.69881043
   178.911186  ]
 [ -15.78808266   43.82819081  173.0895473    49.6498295   178.911186
   172.51956873]]
====
[[ 2187.84954962 -2691.64306406 -2595.58639145  2256.39276959
   2352.44943679   399.21056071]
 [-2691.64306304  4057.31716172  3316.85547912 -3324.69947109
  -4065.16114592   567.7025352 ]
 [-2595.58639213  3316.85548135  3103.9928422  -2770.51451871
  -2983.37715125  -303.18129003]
 [ 2256.39276865 -3324.69947094 -2770.51451675  2732.50308605
   3286.68803383  -364.05600312]
 [ 2352.44943707 -4065.16114775 -2983.37715062  3286.68803549
   4368.47202505 -1234.93982813]
 [  399.21056112   567.70253473  -303.18129062  -364.05600275
  -1234.93982751  1581.96415814]]
====
(array([  2.18023163e-13,   6.46958389e-05,   3.88822177e-04,
         3.04977105e-01,   2.47204588e+02,   6.83016584e+02]), array([[ -2.56073792e-10,  -3.46638736e-01,  -3.57522466e-01,
          7.45944621e-01,   4.28681619e-01,  -1.08710464e-01],
       [  5.00000000e-01,   5.11830690e-01,  -5.56216581e-02,
         -1.68390162e-01,   5.67480653e-01,  -3.66805176e-01],
       [ -5.00000000e-01,   4.25505866e-01,   3.44360791e-01,
          3.69619723e-01,  -1.48839589e-01,  -5.39989297e-01],
       [ -5.00000000e-01,  -4.20383074e-01,  -5.68361676e-03,
         -5.05525907e-01,   4.48382768e-01,  -3.41529235e-01],
       [  5.00000000e-01,  -5.06707898e-01,   3.94298832e-01,
          3.24839777e-02,  -2.67937474e-01,  -5.14713355e-01],
       [ -3.20222055e-11,   5.78002301e-02,  -7.71359638e-01,
         -1.48259858e-01,  -4.46326066e-01,  -4.24824082e-01]]))
====
5.00349639552e+16
====
[[  1.00000000e+00  -5.05305010e-10  -2.42497386e-10   4.69419937e-10
    3.11840400e-10  -8.78107075e-11]
 [ -1.78789068e-10   7.50000000e-01   2.50000000e-01   2.50000000e-01
   -2.50000000e-01  -3.65775416e-12]
 [  3.44748385e-11   2.50000000e-01   7.50000000e-01  -2.50000000e-01
    2.50000000e-01   7.88918133e-11]
 [  2.94252754e-11   2.50000000e-01  -2.50000000e-01   7.50000000e-01
    2.50000000e-01  -1.94420069e-11]
 [ -1.42693871e-10  -2.50000000e-01   2.50000000e-01   2.50000000e-01
    7.50000000e-01   3.74059819e-11]
 [  3.45248298e-11  -1.48380325e-10  -5.52534898e-11   1.09976434e-10
   -3.16081799e-11   1.00000000e+00]] [[ 1.  0.  0.  0.  0.  0.]
 [ 0.  1.  0.  0.  0.  0.]
 [ 0.  0.  1.  0.  0.  0.]
 [ 0.  0.  0.  1.  0.  0.]
 [ 0.  0.  0.  0.  1.  0.]
 [ 0.  0.  0.  0.  0.  1.]]
