sim =  True
[[  6.43803568e+73   1.04268340e+74   3.06558777e+73   8.67020111e+73
    1.30895483e+73  -1.77004389e+73]
 [  1.04268340e+74   1.94990609e+74   1.10483478e+74   1.67309227e+74
    8.28020970e+73   2.78754737e+73]
 [  3.06558777e+73   1.10483478e+74   1.58295198e+74   1.03846511e+74
    1.51658231e+74   1.25145602e+74]
 [  8.67020111e+73   1.67309227e+74   1.03846511e+74   1.44445457e+74
    8.09827409e+73   3.43103465e+73]
 [  1.30895483e+73   8.28020970e+73   1.51658231e+74   8.09827409e+73
    1.49838875e+74   1.31580475e+74]
 [ -1.77004389e+73   2.78754737e+73   1.25145602e+74   3.43103465e+73
    1.31580475e+74   1.29030384e+74]]
====
[[  3.52823485e-69  -3.61117414e-69  -3.98654032e-69   3.05265171e-69
    2.67728554e-69   1.58874550e-69]
 [ -3.61117414e-69   4.50418433e-69   4.22983299e-69  -3.72823114e-69
   -4.00258250e-69  -4.97882938e-70]
 [ -3.98654031e-69   4.22983297e-69   4.53840161e-69  -3.56502057e-69
   -3.25645195e-69  -1.59365973e-69]
 [  3.05265172e-69  -3.72823114e-69  -3.56502059e-69   3.09496721e-69
    3.25817778e-69   5.36340001e-70]
 [  2.67728553e-69  -4.00258248e-69  -3.25645195e-69   3.25817776e-69
    4.00430830e-69  -5.59436792e-70]
 [  1.58874550e-69  -4.97882937e-70  -1.59365973e-69   5.36340000e-70
   -5.59436790e-70   2.29906833e-69]]
====
(array([ -2.88992502e+58,   5.44360459e+67,   2.78255466e+68,
         1.93855941e+71,   2.50087695e+74,   5.90698996e+74]), array([[ -3.13340175e-10,  -4.19295532e-01,  -2.86903013e-01,
          7.33642396e-01,   4.05540350e-01,  -1.97948929e-01],
       [  5.00000000e-01,   4.90103440e-01,  -1.59553405e-01,
         -1.71299047e-01,   4.65420506e-01,  -4.88243504e-01],
       [ -5.00000000e-01,   4.85291282e-01,   2.42488235e-01,
          3.85019244e-01,  -2.61799563e-01,  -4.88787274e-01],
       [ -5.00000000e-01,  -4.08479682e-01,   8.89814743e-02,
         -5.10270711e-01,   3.49420684e-01,  -4.39039445e-01],
       [  5.00000000e-01,  -4.13291840e-01,   4.91023113e-01,
          4.60475797e-02,  -3.77799385e-01,  -4.39583215e-01],
       [ -4.69425620e-10,  -1.04002169e-01,  -7.64465453e-01,
         -1.47272116e-01,  -5.34373069e-01,  -3.12301884e-01]]))
====
2.68405530947e+16
====
[[  1.00000000e+00   4.17902001e-10  -1.08297077e-10  -3.11539168e-10
    1.09056435e-10   6.51559995e-11]
 [ -1.81654652e-10   7.50000000e-01   2.50000001e-01   2.50000000e-01
   -2.50000000e-01  -1.84276265e-11]
 [ -2.23579906e-10   2.50000000e-01   7.50000001e-01  -2.50000000e-01
    2.49999999e-01   7.51526994e-12]
 [ -5.27718048e-10   2.50000001e-01  -2.50000000e-01   7.49999999e-01
    2.50000000e-01  -5.43568113e-11]
 [  5.98539301e-11  -2.50000000e-01   2.50000000e-01   2.50000000e-01
    7.50000000e-01   3.02754638e-11]
 [  1.18648388e-11  -2.62074381e-11  -8.79900271e-12   2.52217369e-11
    1.48989314e-10   1.00000000e+00]] [[ 1.  0.  0.  0.  0.  0.]
 [ 0.  1.  0.  0.  0.  0.]
 [ 0.  0.  1.  0.  0.  0.]
 [ 0.  0.  0.  1.  0.  0.]
 [ 0.  0.  0.  0.  1.  0.]
 [ 0.  0.  0.  0.  0.  1.]]
