sim =  True
[[  536.69898615   873.3445317    244.05963341   727.59956341
     98.31466512  -157.88082655]
 [  873.3445317   1715.14195191  1143.86926907  1484.91487342
    913.64219058   438.28190806]
 [  244.05963341  1143.86926907  2046.77842527  1094.08657057
   1996.99572677  1730.89547304]
 [  727.59956341  1484.91487342  1094.08657057  1294.462871     903.63456815
    496.49829501]
 [   98.31466512   913.64219058  1996.99572677   903.63456815
   1986.98810434  1789.11185999]
 [ -157.88082655   438.28190806  1730.89547304   496.49829501
   1789.11185999  1725.19568731]]
====
[[ 218.78495484 -269.16430633 -259.55863894  225.6392769   235.24494352
    39.92105602]
 [-269.16430636  405.73171645  331.6855479  -332.46994735 -406.51611472
    56.77025366]
 [-259.55863884  331.68554771  310.3992837  -277.05145153 -298.33771459
   -30.31812898]
 [ 225.63927695 -332.46994738 -277.05145171  273.25030885  328.66880354
   -36.40560043]
 [ 235.24494333 -406.51611441 -298.33771451  328.66880327  436.84720198
  -123.49398286]
 [  39.9210561    56.77025354  -30.31812908  -36.40560034 -123.49398276
   158.19641584]]
====
(array([  2.90430267e-12,   6.46958391e-04,   3.88822177e-03,
         3.04977105e+00,   2.47204588e+03,   6.83016584e+03]), array([[  2.70280200e-10,  -3.46638736e-01,  -3.57522466e-01,
          7.45944621e-01,   4.28681619e-01,  -1.08710464e-01],
       [  4.99999999e-01,   5.11830691e-01,  -5.56216581e-02,
         -1.68390162e-01,   5.67480653e-01,  -3.66805176e-01],
       [ -5.00000000e-01,   4.25505865e-01,   3.44360791e-01,
          3.69619723e-01,  -1.48839589e-01,  -5.39989297e-01],
       [ -5.00000000e-01,  -4.20383074e-01,  -5.68361673e-03,
         -5.05525907e-01,   4.48382768e-01,  -3.41529235e-01],
       [  5.00000001e-01,  -5.06707898e-01,   3.94298832e-01,
          3.24839777e-02,  -2.67937474e-01,  -5.14713355e-01],
       [ -3.42231776e-10,   5.78002303e-02,  -7.71359638e-01,
         -1.48259858e-01,  -4.46326066e-01,  -4.24824082e-01]]))
====
5.00349639552e+16
====
[[  1.00000000e+00  -9.31561427e-11   6.70649642e-11   1.24638538e-10
   -3.27698857e-11  -6.87637702e-12]
 [  1.01288659e-10   7.50000000e-01   2.50000000e-01   2.50000000e-01
   -2.50000000e-01   9.84564250e-11]
 [  1.91095292e-10   2.50000000e-01   7.50000000e-01  -2.50000000e-01
    2.50000000e-01  -1.53905697e-10]
 [  2.24954757e-10   2.50000000e-01  -2.50000000e-01   7.50000000e-01
    2.50000000e-01  -8.84088611e-11]
 [  3.87432105e-11  -2.50000000e-01   2.50000000e-01   2.50000000e-01
    7.50000000e-01   5.42572826e-11]
 [  6.93721846e-11  -1.62317683e-10  -3.78550271e-10   1.45110570e-10
    3.33239767e-10   1.00000000e+00]] [[ 1.  0.  0.  0.  0.  0.]
 [ 0.  1.  0.  0.  0.  0.]
 [ 0.  0.  1.  0.  0.  0.]
 [ 0.  0.  0.  1.  0.  0.]
 [ 0.  0.  0.  0.  1.  0.]
 [ 0.  0.  0.  0.  0.  1.]]
