sim =  True
[[  8.94619812e+76   1.40439720e+77   3.84720707e+76   1.15848864e+77
    1.38812142e+76  -2.83609656e+76]
 [  1.40439720e+77   2.52203866e+77   1.27064031e+77   2.14790138e+77
    8.96503033e+76   1.74254937e+76]
 [  3.84720707e+76   1.27064031e+77   1.60617537e+77   1.18857711e+77
    1.52411216e+77   1.21685646e+77]
 [  1.15848864e+77   2.14790138e+77   1.18857711e+77   1.84185491e+77
    8.82530641e+76   2.74223446e+76]
 [  1.38812142e+76   8.96503033e+76   1.52411216e+77   8.82530641e+76
    1.51013977e+77   1.31682497e+77]
 [ -2.83609656e+76   1.74254937e+76   1.21685646e+77   2.74223446e+76
    1.31682497e+77   1.33403549e+77]]
====
[[  5.80745696e-73  -7.24418614e-74  -5.49504180e-73   1.05919700e-73
   -3.71142619e-73   9.78744841e-73]
 [ -7.24418615e-74   4.98074906e-73   1.59207343e-73  -3.77877904e-73
   -7.16745467e-73   5.59491564e-73]
 [ -5.49504180e-73   1.59207343e-73   5.39242019e-73  -1.69438785e-73
    2.10595892e-73  -8.02543367e-73]
 [  1.05919700e-73  -3.77877904e-73  -1.69438785e-73   2.92287836e-73
    5.00726955e-73  -3.27916550e-73]
 [ -3.71142618e-73  -7.16745467e-73   2.10595892e-73   5.00726955e-73
    1.42806831e-72  -1.68995148e-72]
 [  9.78744841e-73   5.59491565e-73  -8.02543367e-73  -3.27916550e-73
   -1.68995148e-72   2.60260701e-72]]
====
(array([ -3.69356436e+61,   2.21149710e+71,   7.05649104e+71,
         4.84892639e+74,   2.98560026e+77,   6.71840556e+77]), array([[  6.31442760e-11,   2.57367298e-01,  -4.44622632e-01,
          7.22482799e-01,   3.82546520e-01,  -2.60287447e-01],
       [  5.00000000e-01,   1.96572441e-01,   4.77624497e-01,
         -1.75189352e-01,   3.72689778e-01,  -5.60040298e-01],
       [ -5.00000000e-01,  -2.01764286e-01,   5.00389406e-01,
          3.98462113e-01,  -3.31815864e-01,  -4.35921773e-01],
       [ -5.00000000e-01,  -1.23168123e-01,  -3.96811266e-01,
         -5.15729889e-01,   2.59568707e-01,  -4.93980972e-01],
       [  5.00000000e-01,  -5.21504850e-01,  -3.74046357e-01,
          5.79215757e-02,  -4.44936935e-01,  -3.69862447e-01],
       [  7.90055089e-11,   7.53176491e-01,  -1.62561186e-01,
         -1.38647082e-01,  -5.82506595e-01,  -2.18545389e-01]]))
====
8.21217281771e+14
====
[[  1.00000000e+00   4.54702181e-11  -1.27172551e-11  -2.78764068e-11
   -9.71030291e-11   9.33449272e-11]
 [  6.66018058e-11   7.50000000e-01   2.50000000e-01   2.50000000e-01
   -2.50000000e-01   8.03373868e-11]
 [  1.04241461e-11   2.50000000e-01   7.50000000e-01  -2.50000000e-01
    2.50000000e-01  -1.99590768e-11]
 [  5.41989239e-11   2.50000000e-01  -2.50000000e-01   7.50000000e-01
    2.50000000e-01   1.16191422e-10]
 [ -1.42596598e-11  -2.50000000e-01   2.50000000e-01   2.50000000e-01
    7.50000000e-01  -8.44785192e-11]
 [ -2.94136988e-11  -3.81431048e-11   4.99493308e-11   2.91294969e-11
    1.89717097e-11   1.00000000e+00]] [[ 1.  0.  0.  0.  0.  0.]
 [ 0.  1.  0.  0.  0.  0.]
 [ 0.  0.  1.  0.  0.  0.]
 [ 0.  0.  0.  1.  0.  0.]
 [ 0.  0.  0.  0.  1.  0.]
 [ 0.  0.  0.  0.  0.  1.]]
