sim =  True
[[  9.61542908e+73   1.55275998e+74   4.46976441e+73   1.29027946e+74
    1.84495919e+73  -2.74445919e+73]
 [  1.55275998e+74   2.89560993e+74   1.62537449e+74   2.48316344e+74
    1.21292800e+74   3.96617581e+73]
 [  4.46976441e+73   1.62537449e+74   2.34075384e+74   1.52904806e+74
    2.24442742e+74   1.85507677e+74]
 [  1.29027946e+74   2.48316344e+74   1.52904806e+74   2.14273377e+74
    1.18861839e+74   4.95405459e+73]
 [  1.84495919e+73   1.21292800e+74   2.24442742e+74   1.18861839e+74
    2.22011782e+74   1.95386465e+74]
 [ -2.74445919e+73   3.96617581e+73   1.85507677e+74   4.95405459e+73
    1.95386465e+74   1.92126699e+74]]
====
[[  2.40858875e-69  -2.46592287e-69  -2.71959504e-69   2.08316338e-69
    1.82949120e-69   1.08133051e-69]
 [ -2.46592286e-69   3.06609069e-69   2.88531684e-69  -2.53783157e-69
   -2.71860542e-69  -3.51991448e-70]
 [ -2.71959504e-69   2.88531684e-69   3.09393015e-69  -2.43048631e-69
   -2.22187300e-69  -1.08517546e-69]
 [  2.08316337e-69  -2.53783157e-69  -2.43048631e-69   2.10654905e-69
    2.21389431e-69   3.73585384e-70]
 [  1.82949120e-69  -2.71860542e-69  -2.22187300e-69   2.21389431e-69
    2.71062673e-69  -3.59598626e-70]
 [  1.08133051e-69  -3.51991449e-70  -1.08517546e-69   3.73585386e-70
   -3.59598625e-70   1.54429204e-69]]
====
(array([ -1.23107283e+57,   7.98682025e+67,   4.15643599e+68,
         2.82576466e+71,   3.75336515e+74,   8.72582938e+74]), array([[  3.88722240e-11,  -4.20038781e-01,  -2.86613444e-01,
          7.33308706e-01,   4.05405112e-01,  -1.98305807e-01],
       [  5.00000000e-01,   4.89828082e-01,  -1.60390806e-01,
         -1.71301242e-01,   4.64902018e-01,  -4.88738414e-01],
       [ -5.00000000e-01,   4.85677486e-01,   2.41231174e-01,
          3.85379618e-01,  -2.62276718e-01,  -4.88485797e-01],
       [ -5.00000000e-01,  -4.08178771e-01,   9.01812051e-02,
         -5.10294499e-01,   3.48924873e-01,  -4.39441007e-01],
       [  5.00000000e-01,  -4.12329366e-01,   4.91803185e-01,
          4.63863608e-02,  -3.78253863e-01,  -4.39188390e-01],
       [ -1.63000125e-10,  -1.05488567e-01,  -7.64154448e-01,
         -1.47799211e-01,  -5.34695409e-01,  -3.11763300e-01]]))
====
5.38349072144e+15
====
[[  1.00000000e+00  -5.95677511e-10  -7.55720773e-10   5.07205775e-10
    6.70953188e-10   1.58154843e-10]
 [  2.80008371e-10   7.50000000e-01   2.50000000e-01   2.50000000e-01
   -2.50000000e-01   4.75087045e-11]
 [  1.30290964e-10   2.50000000e-01   7.50000000e-01  -2.50000000e-01
    2.50000000e-01   3.75076796e-11]
 [  2.05700855e-10   2.50000000e-01  -2.50000000e-01   7.50000000e-01
    2.50000000e-01   6.09321385e-11]
 [  1.65562066e-10  -2.50000000e-01   2.50000000e-01   2.50000000e-01
    7.50000000e-01   4.83994146e-11]
 [ -1.47200250e-10   4.24041245e-11   6.80055718e-11  -1.36665749e-10
   -9.78793527e-11   1.00000000e+00]] [[ 1.  0.  0.  0.  0.  0.]
 [ 0.  1.  0.  0.  0.  0.]
 [ 0.  0.  1.  0.  0.  0.]
 [ 0.  0.  0.  1.  0.  0.]
 [ 0.  0.  0.  0.  1.  0.]
 [ 0.  0.  0.  0.  0.  1.]]
