sim =  True
[[  1.29211719e+74   2.08550137e+74   5.98986108e+73   1.73272979e+74
    2.46214533e+73  -3.70341135e+73]
 [  2.08550137e+74   3.89152447e+74   2.18951279e+74   3.33763438e+74
    1.63562271e+74   5.38724131e+73]
 [  5.98986108e+73   2.18951279e+74   3.16229706e+74   2.06080246e+74
    3.03358673e+74   2.50966286e+74]
 [  1.73272979e+74   3.33763438e+74   2.06080246e+74   2.88055309e+74
    1.60372118e+74   6.72192763e+73]
 [  2.46214533e+73   1.63562271e+74   3.03358673e+74   1.60372118e+74
    3.00168521e+74   2.64313149e+74]
 [ -3.70341135e+73   5.38724131e+73   2.50966286e+74   6.72192763e+73
    2.64313149e+74   2.59853962e+74]]
====
[[  1.77697689e-69  -1.81126198e-69  -2.00483291e-69   1.53082006e-69
    1.33724913e-69   8.08831775e-70]
 [ -1.81126198e-69   2.24785326e-69   2.11818747e-69  -1.86067745e-69
   -1.99034325e-69  -2.64079556e-70]
 [ -2.00483292e-69   2.11818747e-69   2.27901454e-69  -1.78502188e-69
   -1.62419481e-69  -8.12113730e-70]
 [  1.53082006e-69  -1.86067745e-69  -1.78502188e-69   1.54465786e-69
    1.62031344e-69   2.80200181e-70]
 [  1.33724913e-69  -1.99034325e-69  -1.62419481e-69   1.62031344e-69
    1.98646188e-69  -2.67833990e-70]
 [  8.08831776e-70  -2.64079558e-70  -8.12113731e-70   2.80200183e-70
   -2.67833990e-70   1.15431116e-69]]
====
(array([ -9.95718865e+58,   1.08785397e+68,   5.57341498e+68,
         3.80170875e+71,   5.05740197e+74,   1.17655063e+75]), array([[  3.30999240e-10,  -4.21071720e-01,  -2.84998539e-01,
          7.33282435e-01,   4.06305228e-01,  -1.96691058e-01],
       [  4.99999999e-01,   4.89279619e-01,  -1.62128505e-01,
         -1.71302611e-01,   4.66782488e-01,  -4.86918193e-01],
       [ -5.00000000e-01,   4.86490475e-01,   2.39628775e-01,
          3.85418077e-01,  -2.60292985e-01,  -4.89495184e-01],
       [ -5.00000000e-01,  -4.07833299e-01,   9.14856735e-02,
         -5.10382875e-01,   3.50556162e-01,  -4.38089113e-01],
       [  5.00000001e-01,  -4.10622441e-01,   4.93242952e-01,
          4.63378140e-02,  -3.76519311e-01,  -4.40666105e-01],
       [ -2.33734081e-10,  -1.08130894e-01,  -7.63812800e-01,
         -1.47537519e-01,  -5.33499127e-01,  -3.13861560e-01]]))
====
3.36002458815e+16
====
[[  1.00000000e+00  -1.77694862e-10  -1.13763295e-10   1.54828849e-10
   -2.37663705e-11   7.76880489e-11]
 [ -2.48059516e-10   7.50000000e-01   2.50000000e-01   2.50000000e-01
   -2.50000000e-01  -8.13236871e-11]
 [  4.74130777e-11   2.50000000e-01   7.50000000e-01  -2.50000000e-01
    2.50000000e-01   2.74113380e-11]
 [ -1.42526022e-10   2.50000000e-01  -2.50000000e-01   7.50000000e-01
    2.50000000e-01   4.92739890e-11]
 [ -1.71432729e-10  -2.50000000e-01   2.50000000e-01   2.50000000e-01
    7.50000000e-01  -4.54759669e-11]
 [ -6.92330259e-11   7.60259968e-11   2.45545685e-10   1.45163245e-11
   -1.95238554e-10   1.00000000e+00]] [[ 1.  0.  0.  0.  0.  0.]
 [ 0.  1.  0.  0.  0.  0.]
 [ 0.  0.  1.  0.  0.  0.]
 [ 0.  0.  0.  1.  0.  0.]
 [ 0.  0.  0.  0.  1.  0.]
 [ 0.  0.  0.  0.  0.  1.]]
