sim =  True
[[  1.16644325e+75   1.80446628e+75   4.58813544e+74   1.48315953e+75
    1.37506793e+74  -4.08541356e+74]
 [  1.80446628e+75   3.21838245e+75   1.59898162e+75   2.73775286e+75
    1.11835203e+75   1.94524323e+74]
 [  4.58813544e+74   1.59898162e+75   2.10020285e+75   1.50460127e+75
    2.00582250e+75   1.62390645e+75]
 [  1.48315953e+75   2.73775286e+75   1.50460127e+75   2.34634772e+75
    1.11319613e+75   3.36811993e+74]
 [  1.37506793e+74   1.11835203e+75   2.00582250e+75   1.11319613e+75
    2.00066660e+75   1.76619412e+75]
 [ -4.08541356e+74   1.94524323e+74   1.62390645e+75   3.36811993e+74
    1.76619412e+75   1.80209020e+75]]
====
[[  4.34674148e-71  -5.50608387e-72  -4.10996892e-71   7.93206122e-72
   -2.76615443e-71   7.31125435e-71]
 [ -5.50608386e-72   2.97046209e-71   1.05750200e-71  -2.26246205e-71
   -4.17542214e-71   3.11669896e-71]
 [ -4.10996893e-71   1.05750200e-71   4.00002997e-71  -1.15958976e-71
    1.78293822e-71  -6.18111563e-71]
 [  7.93206121e-72  -2.26246205e-71  -1.15958976e-71   1.76227049e-71
    2.86514278e-71  -1.66846558e-71]
 [ -2.76615443e-71  -4.17542214e-71   1.78293822e-71   2.86514278e-71
    8.82350315e-71  -1.09662802e-70]
 [  7.31125435e-71   3.11669896e-71  -6.18111563e-71  -1.66846558e-71
   -1.09662802e-70   1.79507488e-70]]
====
(array([ -8.32744295e+59,   3.27366454e+69,   1.07586728e+70,
         8.27441899e+72,   4.03728115e+75,   8.58856345e+75]), array([[  3.39760630e-10,   2.97562404e-01,  -4.19503209e-01,
          7.21334674e-01,   3.88148670e-01,  -2.53949941e-01],
       [  5.00000000e-01,   1.51526804e-01,   4.94048321e-01,
         -1.75612619e-01,   3.82219040e-01,  -5.53194991e-01],
       [ -5.00000000e-01,  -2.46914578e-01,   4.79352858e-01,
          3.99228938e-01,  -3.23592239e-01,  -4.41767298e-01],
       [ -5.00000000e-01,  -8.63541695e-02,  -4.05884614e-01,
         -5.16636164e-01,   2.67610361e-01,  -4.89154788e-01],
       [  5.00000000e-01,  -4.84795553e-01,  -4.20580076e-01,
          5.82053927e-02,  -4.38200918e-01,  -3.77727096e-01],
       [  4.79308623e-10,   7.64882778e-01,  -9.23267626e-02,
         -1.38390600e-01,  -5.78707118e-01,  -2.28858512e-01]]))
====
1.18848162355e+15
====
[[  1.00000000e+00  -1.33939932e-10   2.16799717e-10   1.47376949e-10
   -1.77437568e-10  -2.98870702e-11]
 [ -1.45329770e-10   7.50000000e-01   2.50000000e-01   2.50000000e-01
   -2.50000000e-01  -2.45701203e-10]
 [  2.13515118e-10   2.50000000e-01   7.50000000e-01  -2.50000000e-01
    2.50000000e-01   3.43543142e-10]
 [  1.88065420e-10   2.50000000e-01  -2.50000000e-01   7.50000000e-01
    2.50000000e-01   3.13150914e-10]
 [ -1.26005292e-10  -2.50000000e-01   2.50000000e-01   2.50000000e-01
    7.50000000e-01  -1.97618010e-10]
 [  4.14871258e-11  -2.55735098e-10   2.54257521e-10   2.66128029e-10
   -3.16582920e-10   1.00000000e+00]] [[ 1.  0.  0.  0.  0.  0.]
 [ 0.  1.  0.  0.  0.  0.]
 [ 0.  0.  1.  0.  0.  0.]
 [ 0.  0.  0.  1.  0.  0.]
 [ 0.  0.  0.  0.  1.  0.]
 [ 0.  0.  0.  0.  0.  1.]]
