sim =  True
[[  9.64405160e+74   1.49588807e+75   3.87680580e+74   1.23038233e+75
    1.22174843e+74  -3.30041732e+74]
 [  1.49588807e+75   2.67615202e+75   1.34259262e+75   2.27802108e+75
    9.44461684e+74   1.77088371e+74]
 [  3.87680580e+74   1.34259262e+75   1.75565000e+75   1.26255536e+75
    1.67561274e+75   1.35452782e+75]
 [  1.23038233e+75   2.27802108e+75   1.26255536e+75   1.95358355e+75
    9.38117823e+74   2.92765339e+74]
 [  1.22174843e+74   9.44461684e+74   1.67561274e+75   9.38117823e+74
    1.66926888e+75   1.47020479e+75]
 [ -3.30041732e+74   1.77088371e+74   1.35452782e+75   2.92765339e+74
    1.47020479e+75   1.49548012e+75]]
====
[[  5.19665435e-71  -6.40429393e-72  -4.91103449e-71   9.35547883e-72
   -3.33505721e-71   8.76640163e-71]
 [ -6.40429394e-72   3.59101743e-71   1.25242072e-71  -2.73108353e-71
   -5.06968024e-71   3.81770385e-71]
 [ -4.91103450e-71   1.25242072e-71   4.77800090e-71  -1.37756897e-71
    2.14801121e-71  -7.40182527e-71]
 [  9.35547883e-72  -2.73108353e-71  -1.37756897e-71   2.12407437e-71
    3.47758893e-71  -2.05703488e-71]
 [ -3.33505721e-71  -5.06968024e-71   2.14801120e-71   3.47758893e-71
    1.06952804e-70  -1.32765640e-70]
 [  8.76640162e-71   3.81770385e-71  -7.40182527e-71  -2.05703488e-71
   -1.32765640e-70   2.16417335e-70]]
====
(array([ -6.66028041e+60,   2.71281362e+69,   8.96861323e+69,
         6.83821051e+72,   3.32807104e+75,   7.17961880e+75]), array([[  1.25891273e-11,   2.95073162e-01,  -4.21350184e-01,
          7.21289736e-01,   3.89312128e-01,  -2.52136937e-01],
       [  5.00000000e-01,   1.54330755e-01,   4.93234852e-01,
         -1.75436113e-01,   3.84743618e-01,  -5.51448926e-01],
       [ -5.00000000e-01,  -2.44297701e-01,   4.80627739e-01,
          3.99330226e-01,  -3.21562088e-01,  -4.43225455e-01],
       [ -5.00000000e-01,  -8.85308272e-02,  -4.05262518e-01,
         -5.16736259e-01,   2.69840592e-01,  -4.87949053e-01],
       [  5.00000000e-01,  -4.87159283e-01,  -4.17869631e-01,
          5.80300805e-02,  -4.36465115e-01,  -3.79725583e-01],
       [  1.85325773e-10,   7.64375959e-01,  -9.65797256e-02,
         -1.38256304e-01,  -5.77659500e-01,  -2.31509065e-01]]))
====
2.16671991704e+15
====
[[  1.00000000e+00   9.50618800e-11  -5.84948321e-11  -9.25241409e-11
    1.09163677e-11   5.60276766e-11]
 [  5.93690961e-11   7.50000000e-01   2.50000000e-01   2.50000000e-01
   -2.50000000e-01   8.97005458e-11]
 [ -5.64218161e-11   2.50000000e-01   7.50000000e-01  -2.50000000e-01
    2.50000000e-01  -4.44110910e-11]
 [ -5.16974926e-11   2.50000000e-01  -2.50000000e-01   7.50000000e-01
    2.50000000e-01  -2.68195936e-11]
 [  5.55746456e-11  -2.50000000e-01   2.50000000e-01   2.50000000e-01
    7.50000000e-01   1.39132800e-10]
 [  9.29515605e-12   8.61029998e-11  -7.41370739e-11  -9.27716302e-11
    5.79490887e-11   1.00000000e+00]] [[ 1.  0.  0.  0.  0.  0.]
 [ 0.  1.  0.  0.  0.  0.]
 [ 0.  0.  1.  0.  0.  0.]
 [ 0.  0.  0.  1.  0.  0.]
 [ 0.  0.  0.  0.  1.  0.]
 [ 0.  0.  0.  0.  0.  1.]]
