sim =  True
[[  1.62598506e+74   2.62717576e+74   7.59667504e+73   2.18334859e+74
    3.15840336e+73  -4.60573665e+73]
 [  2.62717576e+74   4.91452653e+74   2.78608333e+74   4.21714153e+74
    2.08869833e+74   7.04498747e+73]
 [  7.59667504e+73   2.78608333e+74   4.03235631e+74   2.62309963e+74
    3.86937260e+74   3.20307895e+74]
 [  2.18334859e+74   4.21714153e+74   2.62309963e+74   3.64153355e+74
    2.04749165e+74   8.71449455e+73]
 [  3.15840336e+73   2.08869833e+74   3.86937260e+74   2.04749165e+74
    3.82816592e+74   3.37002966e+74]
 [ -4.60573665e+73   7.04498747e+73   3.20307895e+74   8.71449455e+73
    3.37002966e+74   3.30782597e+74]]
====
[[  1.40747205e-69  -1.43330565e-69  -1.58763787e-69   1.21148236e-69
    1.05715014e-69   6.42404739e-70]
 [ -1.43330565e-69   1.78030591e-69   1.67624786e-69  -1.47340799e-69
   -1.57746604e-69  -2.06604714e-70]
 [ -1.58763787e-69   1.67624786e-69   1.80445613e-69  -1.41265602e-69
   -1.28444775e-69  -6.44613372e-70]
 [  1.21148235e-69  -1.47340799e-69  -1.41265602e-69   1.22299200e-69
    1.28374398e-69   2.20328615e-70]
 [  1.05715014e-69  -1.57746604e-69  -1.28444775e-69   1.28374398e-69
    1.57676227e-69  -2.17680041e-70]
 [  6.42404740e-70  -2.06604715e-70  -6.44613372e-70   2.20328616e-70
   -2.17680041e-70   9.21380979e-70]]
====
(array([ -1.51279962e+59,   1.37411786e+68,   6.97407245e+68,
         4.78807931e+71,   6.37944348e+74,   1.49661534e+75]), array([[  1.15885842e-10,  -4.21001734e-01,  -2.85021872e-01,
          7.33345199e-01,   4.07455970e-01,  -1.94176528e-01],
       [  5.00000000e-01,   4.89342761e-01,  -1.61988676e-01,
         -1.71216016e-01,   4.69781454e-01,  -4.84039040e-01],
       [ -5.00000000e-01,   4.86389120e-01,   2.39867157e-01,
          3.85384523e-01,  -2.57301323e-01,  -4.91084686e-01],
       [ -5.00000000e-01,  -4.07845725e-01,   9.12492894e-02,
         -5.10386028e-01,   3.53280211e-01,  -4.35929613e-01],
       [  5.00000000e-01,  -4.10799365e-01,   4.93105122e-01,
          4.62145110e-02,  -3.73802566e-01,  -4.42975260e-01],
       [ -1.26743883e-10,  -1.07854403e-01,  -7.63876203e-01,
         -1.47441465e-01,  -5.31550356e-01,  -3.17136890e-01]]))
====
7.61448673555e+15
====
[[  1.00000000e+00  -4.32192611e-10  -4.09755951e-10   2.32896003e-10
    3.88936891e-10   5.47237187e-11]
 [  8.44056646e-10   7.49999999e-01   2.49999999e-01   2.50000001e-01
   -2.49999999e-01   2.04771608e-10]
 [  5.10578923e-10   2.49999999e-01   7.50000000e-01  -2.50000000e-01
    2.50000000e-01   4.71122150e-11]
 [  5.28763625e-10   2.50000000e-01  -2.50000001e-01   7.50000000e-01
    2.50000000e-01   9.74435286e-11]
 [  4.71772292e-10  -2.50000000e-01   2.50000000e-01   2.50000000e-01
    7.50000000e-01   7.07513727e-11]
 [  2.32417303e-10  -3.31600923e-10  -1.82607648e-10   1.48244361e-10
    2.03625422e-10   1.00000000e+00]] [[ 1.  0.  0.  0.  0.  0.]
 [ 0.  1.  0.  0.  0.  0.]
 [ 0.  0.  1.  0.  0.  0.]
 [ 0.  0.  0.  1.  0.  0.]
 [ 0.  0.  0.  0.  1.  0.]
 [ 0.  0.  0.  0.  0.  1.]]
