sim =  True
[[  2.00631782e+74   3.23528315e+74   9.22374477e+73   2.68745218e+74
    3.74543511e+73  -5.82208380e+73]
 [  3.23528315e+74   6.03981876e+74   3.40196435e+74   5.18066976e+74
    2.54281536e+74   8.40660731e+73]
 [  9.22374477e+73   3.40196435e+74   4.94070314e+74   3.20465196e+74
    4.74339074e+74   3.93070672e+74]
 [  2.68745218e+74   5.18066976e+74   3.20465196e+74   4.47188346e+74
    2.49586565e+74   1.05031798e+74]
 [  3.74543511e+73   2.54281536e+74   4.74339074e+74   2.49586565e+74
    4.69644104e+74   4.14036397e+74]
 [ -5.82208380e+73   8.40660731e+73   3.93070672e+74   1.05031798e+74
    4.14036397e+74   4.07147649e+74]]
====
[[  1.13944844e-69  -1.16305061e-69  -1.28604882e-69   9.82943049e-70
    8.59944838e-70   5.16599014e-70]
 [ -1.16305061e-69   1.44670715e-69   1.36078483e-69  -1.19728472e-69
   -1.28320703e-69  -1.64976997e-70]
 [ -1.28604882e-69   1.36078483e-69   1.46249931e-69  -1.14668739e-69
   -1.04497291e-69  -5.18339735e-70]
 [  9.82943049e-70  -1.19728472e-69  -1.14668739e-69   9.93762227e-70
    1.04435955e-69   1.76418740e-70]
 [  8.59944838e-70  -1.28320703e-69  -1.04497291e-69   1.04435955e-69
    1.28259367e-69  -1.76943997e-70]
 [  5.16599014e-70  -1.64976997e-70  -5.18339734e-70   1.76418740e-70
   -1.76943997e-70   7.42783660e-70]]
====
(array([ -1.33676090e+59,   1.69254023e+68,   8.63690806e+68,
         5.91078257e+71,   7.89580063e+74,   1.83249190e+75]), array([[  8.16145234e-11,  -4.20350131e-01,  -2.85809966e-01,
          7.33402839e-01,   4.07327899e-01,  -1.94480565e-01],
       [  5.00000000e-01,   4.89667140e-01,  -1.60984110e-01,
         -1.71239831e-01,   4.69404442e-01,  -4.84403343e-01],
       [ -5.00000000e-01,   4.85917706e-01,   2.40930319e-01,
          3.85333903e-01,  -2.57668104e-01,  -4.90878289e-01],
       [ -5.00000000e-01,  -4.08073964e-01,   9.03378423e-02,
         -5.10369440e-01,   3.52928113e-01,  -4.36210381e-01],
       [  5.00000000e-01,  -4.11823396e-01,   4.92252271e-01,
          4.62042935e-02,  -3.74144433e-01,  -4.42685327e-01],
       [ -1.65046323e-10,  -1.06268403e-01,  -7.64117881e-01,
         -1.47319984e-01,  -5.31797227e-01,  -3.16732413e-01]]))
====
2.61592309839e+16
====
[[  1.00000000e+00   2.89414794e-10   2.71468885e-10  -2.06526674e-10
   -2.19420293e-10  -5.53278235e-11]
 [ -1.35402651e-10   7.50000000e-01   2.50000000e-01   2.50000000e-01
   -2.50000000e-01  -5.86222446e-11]
 [ -1.59938145e-10   2.50000000e-01   7.50000000e-01  -2.50000000e-01
    2.50000000e-01   5.50484745e-13]
 [ -3.20112881e-10   2.50000000e-01  -2.50000000e-01   7.50000000e-01
    2.50000000e-01  -5.98637739e-11]
 [  1.34544848e-11  -2.50000000e-01   2.50000000e-01   2.50000000e-01
    7.50000000e-01   3.15905443e-11]
 [  1.49298467e-10  -1.87682030e-10  -3.85140654e-11  -1.59877900e-11
    5.46059496e-11   1.00000000e+00]] [[ 1.  0.  0.  0.  0.  0.]
 [ 0.  1.  0.  0.  0.  0.]
 [ 0.  0.  1.  0.  0.  0.]
 [ 0.  0.  0.  1.  0.  0.]
 [ 0.  0.  0.  0.  1.  0.]
 [ 0.  0.  0.  0.  0.  1.]]
