sim =  True
[[  3.02371094e+76   4.75712051e+76   1.33319185e+76   3.92616304e+76
    5.02234370e+75  -9.28062793e+75]
 [  4.75712051e+76   8.57099163e+76   4.37226589e+76   7.30466227e+76
    3.10593653e+76   6.53516847e+75]
 [  1.33319185e+76   4.37226589e+76   5.48294848e+76   4.08734736e+76
    5.19802996e+76   4.13955373e+76]
 [  3.92616304e+76   7.30466227e+76   4.08734736e+76   6.26840832e+76
    3.05109341e+76   9.84258029e+75]
 [  5.02234370e+75   3.10593653e+76   5.19802996e+76   3.05109341e+76
    5.14318684e+76   4.47029491e+76]
 [ -9.28062793e+75   6.53516847e+75   4.13955373e+76   9.84258029e+75
    4.47029491e+76   4.51175944e+76]]
====
[[  1.73243690e-72  -1.95776014e-73  -1.63610038e-72   3.01288093e-73
   -1.13903627e-72   2.94868588e-72]
 [ -1.95776014e-73   1.50566985e-72   4.57876141e-73  -1.13884925e-72
   -2.18664296e-72   1.73652532e-72]
 [ -1.63610038e-72   4.57876141e-73   1.60279468e-72  -4.92647055e-73
    6.52271481e-73  -2.41223907e-72]
 [  3.01288093e-73  -1.13884925e-72  -4.92647055e-73   8.78276184e-73
    1.52447838e-72  -1.02312811e-72]
 [ -1.13903627e-72  -2.18664296e-72   6.52271480e-73   1.52447838e-72
    4.36339282e-72  -5.17189250e-72]
 [  2.94868588e-72   1.73652532e-72  -2.41223907e-72  -1.02312811e-72
   -5.17189250e-72   7.91582921e-72]]
====
(array([ -1.50317338e+61,   7.25433868e+70,   2.37678004e+71,
         1.62382120e+74,   1.00120946e+77,   2.29726418e+77]), array([[ -5.26388185e-11,   2.54092890e-01,  -4.46616910e-01,
          7.22001146e-01,   3.84553999e-01,  -2.58462194e-01],
       [  5.00000000e-01,   1.99883521e-01,   4.76358391e-01,
         -1.75291253e-01,   3.74980518e-01,  -5.58383246e-01],
       [ -5.00000000e-01,  -1.98519176e-01,   5.01592233e-01,
          3.99024409e-01,  -3.29398656e-01,  -4.37345876e-01],
       [ -5.00000000e-01,  -1.25647739e-01,  -3.95767053e-01,
         -5.16156644e-01,   2.61189377e-01,  -4.92893005e-01],
       [  5.00000000e-01,  -5.24050436e-01,  -3.70533210e-01,
          5.81590182e-02,  -4.43189797e-01,  -3.71855635e-01],
       [ -6.53195403e-11,   7.52101924e-01,  -1.67615127e-01,
         -1.37719611e-01,  -5.81693452e-01,  -2.21164874e-01]]))
====
1.79028103243e+15
====
[[  1.00000000e+00   2.75161977e-12  -4.14486459e-11  -2.25283752e-11
    2.43283093e-11   1.10756917e-11]
 [  5.27150575e-11   7.50000000e-01   2.50000000e-01   2.50000000e-01
   -2.50000000e-01  -4.64769207e-11]
 [ -3.84895282e-12   2.50000000e-01   7.50000000e-01  -2.50000000e-01
    2.50000000e-01  -1.44271236e-10]
 [  1.72255218e-11   2.50000000e-01  -2.50000000e-01   7.50000000e-01
    2.50000000e-01  -1.14566820e-10]
 [  3.94282442e-11  -2.50000000e-01   2.50000000e-01   2.50000000e-01
    7.50000000e-01   3.41055892e-11]
 [  5.39269594e-12   2.92766815e-11  -7.91205064e-11  -2.93341730e-11
    1.57221430e-10   1.00000000e+00]] [[ 1.  0.  0.  0.  0.  0.]
 [ 0.  1.  0.  0.  0.  0.]
 [ 0.  0.  1.  0.  0.  0.]
 [ 0.  0.  0.  1.  0.  0.]
 [ 0.  0.  0.  0.  1.  0.]
 [ 0.  0.  0.  0.  0.  1.]]
