[[ 0.23320412  0.24959691 -0.33886335  0.02521477 -0.56324549 -0.66382458]
 [ 0.24959691  0.42090272  0.08384892  0.2447465  -0.0923073  -0.26941641]
 [-0.33886335  0.08384892  1.78932129  0.5956828   2.30115516  2.2456105 ]
 [ 0.02521477  0.2447465   0.5956828   0.31114899  0.66208528  0.55283031]
 [-0.56324549 -0.0923073   2.30115516  0.66208528  3.05554774  3.06785723]
 [-0.66382458 -0.26941641  2.2456105   0.55283031  3.06785723  3.15492677]]
====
(array([ -1.90981562e-15,   2.08035140e-11,   6.24410428e-09,
         9.11975219e-05,   8.42465527e-01,   8.12249490e+00]), array([[  2.69510602e-05,   8.88643020e-01,   3.40191523e-02,
          2.19824558e-01,   3.83943674e-01,  -1.15847739e-01],
       [  4.99990478e-01,  -3.14901504e-01,  -3.84152421e-01,
          9.20543016e-02,   7.03024260e-01,  -2.35876404e-02],
       [ -5.00006783e-01,  -2.23178630e-01,   1.81324877e-01,
          6.09476165e-01,   2.90345198e-01,   4.59939425e-01],
       [ -5.00000012e-01,  -3.70597531e-04,   7.96467928e-04,
         -7.25255293e-01,   4.55184429e-01,   1.29657673e-01],
       [  5.00002726e-01,   9.12916148e-02,   5.66273920e-01,
         -2.07833429e-01,   4.25053673e-02,   6.13184738e-01],
       [  7.03716246e-06,   2.30233857e-01,  -7.05495653e-01,
         -5.05173062e-02,  -2.55037723e-01,   6.17796096e-01]]))
====
1.00591726411e+16
====
False
