[[  2.34779615   2.51321492  -3.41044177   0.25440541  -5.66925128
   -6.68201397]
 [  2.51321492   4.23604937   0.83818369   2.4615057   -0.93635998
   -2.71877436]
 [ -3.41044177   0.83818369  17.99159907   5.98717625  23.14059163
   22.58411436]
 [  0.25440541   2.4615057    5.98717625   3.1282494    6.65391995
    5.55512657]
 [ -5.66925128  -0.93635998  23.14059163   6.65391995  30.73087156
   30.85801528]
 [ -6.68201397  -2.71877436  22.58411436   5.55512657  30.85801528
   31.73751818]]
====
(array([ -3.12502338e-14,   2.09042060e-10,   6.27769604e-08,
         9.17044812e-04,   8.47756638e+00,   8.16936002e+01]), array([[  5.28253588e-05,  -8.88636341e-01,  -3.41916876e-02,
          2.19830397e-01,   3.83910466e-01,  -1.15947098e-01],
       [  4.99981140e-01,   3.14839366e-01,   3.84217450e-01,
          9.20571094e-02,   7.03016732e-01,  -2.37686102e-02],
       [ -5.00013195e-01,   2.23199900e-01,  -1.81267525e-01,
          6.09486134e-01,   2.90453923e-01,   4.59862876e-01],
       [ -5.00000022e-01,   3.56604324e-04,  -8.12113834e-04,
         -7.25247792e-01,   4.55229006e-01,   1.29542984e-01],
       [  5.00005640e-01,  -9.11640007e-02,  -5.66296308e-01,
         -2.07818767e-01,   4.26661965e-02,   6.13174471e-01],
       [  1.34155747e-05,  -2.30374541e-01,   7.05448648e-01,
         -5.05345315e-02,  -2.54878195e-01,   6.17861750e-01]]))
====
5.90400647087e+16
====
False
