[[  2.57582245   2.75727874  -3.74175677   0.27907292  -6.21996259
   -7.33107523]
 [  2.75727874   4.64734638   0.9193641    2.70044152  -1.02754076
   -2.98301542]
 [ -3.74175677   0.9193641   19.73870809   6.56846781  25.3878118
   24.77738452]
 [  0.27907292   2.70044152   6.56846781   3.43194483   7.29997112
    6.09451718]
 [ -6.21996259  -1.02754076  25.3878118    7.29997112  33.71532368
   33.85491712]
 [ -7.33107523  -2.98301542  24.77738452   6.09451718  33.85491712
   34.8199178 ]]
====
(array([ -2.86853770e-14,   2.29316123e-10,   6.88656489e-08,
         1.00602844e-03,   9.30065190e+00,   8.96274052e+01]), array([[  3.11334425e-05,  -8.88636326e-01,  -3.41924564e-02,
          2.19830325e-01,   3.83909670e-01,  -1.15949766e-01],
       [  4.99988807e-01,   3.14826811e-01,   3.84217771e-01,
          9.20570880e-02,   7.03016566e-01,  -2.37734487e-02],
       [ -5.00007737e-01,   2.23212229e-01,  -1.81267284e-01,
          6.09486237e-01,   2.90457079e-01,   4.59860792e-01],
       [ -5.00000013e-01,   3.68858835e-04,  -8.12209731e-04,
         -7.25247771e-01,   4.55229896e-01,   1.29539970e-01],
       [  5.00003442e-01,  -9.11756870e-02,  -5.66296386e-01,
         -2.07818622e-01,   4.26704088e-02,   6.13174210e-01],
       [  7.75756519e-06,  -2.30375169e-01,   7.05448436e-01,
         -5.05345277e-02,  -2.54873961e-01,   6.17863506e-01]]))
====
1.23052257044e+16
====
False
