[[  2.81016268   3.00811903  -4.08219345   0.30445015  -6.78586233
   -7.99805669]
 [  3.00811903   5.0700554    1.00277375   2.94600141  -1.12128023
   -3.25461704]
 [ -4.08219345   1.00277375  21.53390069   7.16575532  27.69688226
   27.03102219]
 [  0.30445015   2.94600141   7.16575532   3.74402383   7.96377774
    6.64870743]
 [ -6.78586233  -1.12128023  27.69688226   7.96377774  36.78194023
   36.93434667]
 [ -7.99805669  -3.25461704  27.03102219   6.64870743  36.93434667
   37.9872352 ]]
====
(array([ -3.88149379e-14,   2.50130525e-10,   7.51247042e-08,
         1.09748914e-03,   1.01465692e+01,   9.77796513e+01]), array([[  3.72473300e-05,   8.88636212e-01,   3.41955652e-02,
          2.19830380e-01,   3.83908769e-01,  -1.15952601e-01],
       [  4.99986649e-01,  -3.14828867e-01,  -3.84218929e-01,
          9.20571205e-02,   7.03016369e-01,  -2.37786032e-02],
       [ -5.00009277e-01,  -2.23209415e-01,   1.81266238e-01,
          6.09486441e-01,   2.90460298e-01,   4.59858592e-01],
       [ -5.00000015e-01,  -3.65450865e-04,   8.12470552e-04,
         -7.25247646e-01,   4.55231017e-01,   1.29536728e-01],
       [  5.00004057e-01,   9.11702029e-02,   5.66296803e-01,
         -2.07818326e-01,   4.26749466e-02,   6.13173924e-01],
       [  9.35832428e-06,   2.30377702e-01,  -7.05447588e-01,
         -5.05347901e-02,  -2.54869432e-01,   6.17865376e-01]]))
====
1.23052257044e+16
====
False
