[[  3.04450291   3.25895931  -4.42263013   0.32982738  -7.35176206
   -8.66503815]
 [  3.25895931   5.49276442   1.0861834    3.19156131  -1.21501971
   -3.52621866]
 [ -4.42263013   1.0861834   23.32909329   7.76304284  30.00595272
   29.28465986]
 [  0.32982738   3.19156131   7.76304284   4.05610283   8.62758436
    7.20289769]
 [ -7.35176206  -1.21501971  30.00595272   8.62758436  39.84855679
   40.01377621]
 [ -8.66503815  -3.52621866  29.28465986   7.20289769  40.01377621
   41.1545526 ]]
====
(array([ -3.87643602e-14,   2.71000732e-10,   8.13837520e-08,
         1.18894983e-03,   1.09924864e+01,   1.05931897e+02]), array([[  4.02138902e-05,   8.88636115e-01,   3.41982160e-02,
          2.19830426e-01,   3.83908007e-01,  -1.15955000e-01],
       [  4.99985607e-01,  -3.14829356e-01,  -3.84219914e-01,
          9.20571479e-02,   7.03016202e-01,  -2.37829644e-02],
       [ -5.00010027e-01,  -2.23208279e-01,   1.81265345e-01,
          6.09486613e-01,   2.90463021e-01,   4.59856732e-01],
       [ -5.00000017e-01,  -3.63808751e-04,   8.12688856e-04,
         -7.25247540e-01,   4.55231966e-01,   1.29533986e-01],
       [  5.00004348e-01,   9.11667911e-02,   5.66297160e-01,
         -2.07818075e-01,   4.26787859e-02,   6.13173682e-01],
       [  1.01441851e-05,   2.30379861e-01,  -7.05446866e-01,
         -5.05350122e-02,  -2.54865600e-01,   6.17866958e-01]]))
====
1.23052257044e+16
====
False
