[[  3.27884314   3.5097996   -4.7630668    0.35520461  -7.9176618
   -9.33201961]
 [  3.5097996    5.91547343   1.16959305   3.43712121  -1.30875918
   -3.79782027]
 [ -4.7630668    1.16959305  25.12428588   8.36033035  32.31502318
   31.53829753]
 [  0.35520461   3.43712121   8.36033035   4.36818183   9.29139098
    7.75708795]
 [ -7.9176618   -1.30875918  32.31502318   9.29139098  42.91517334
   43.09320575]
 [ -9.33201961  -3.79782027  31.53829753   7.75708795  43.09320575
   44.32186999]]
====
(array([ -4.61093446e-14,   2.91799279e-10,   8.76427958e-08,
         1.28041053e-03,   1.18384037e+01,   1.14084143e+02]), array([[  1.39659509e-05,   8.88636033e-01,   3.42004777e-02,
          2.19830465e-01,   3.83907354e-01,  -1.15957057e-01],
       [  4.99994954e-01,  -3.14813583e-01,  -3.84220700e-01,
          9.20571715e-02,   7.03016058e-01,  -2.37867023e-02],
       [ -5.00003458e-01,  -2.23223501e-01,   1.81264528e-01,
          6.09486761e-01,   2.90465356e-01,   4.59855137e-01],
       [ -5.00000006e-01,  -3.78598524e-04,   8.12821713e-04,
         -7.25247449e-01,   4.55232779e-01,   1.29531635e-01],
       [  5.00001582e-01,   9.11800707e-02,   5.66297519e-01,
         -2.07817860e-01,   4.26820765e-02,   6.13173474e-01],
       [  3.43124862e-06,   2.30381704e-01,  -7.05446249e-01,
         -5.05352026e-02,  -2.54862315e-01,   6.17868314e-01]]))
====
1.23052257044e+16
====
False
