[[  3.51311786   3.760567    -5.10341612   0.38057075  -8.48341237
   -9.99882237]
 [  3.760567     6.33806025   1.25298061   3.6826105   -1.40246914
   -4.06934093]
 [ -5.10341612   1.25298061  26.91901585   8.95746362  34.62349886
   33.79135495]
 [  0.38057075   3.6826105    8.95746362   4.68017638   9.95502949
    8.31114144]
 [ -8.48341237  -1.40246914  34.62349886   9.95502949  45.98099749
   46.17183732]
 [ -9.99882237  -4.06934093  33.79135495   8.31114144  46.17183732
   47.48836213]]
====
(array([ -2.81937353e-14,   3.12644292e-10,   9.38998049e-08,
         1.37184330e-03,   1.26840770e+01,   1.22234281e+02]), array([[  7.27796503e-06,  -8.88635966e-01,  -3.42023108e-02,
          2.19830486e-01,   3.83906809e-01,  -1.15958789e-01],
       [  4.99997277e-01,   3.14809002e-01,   3.84221449e-01,
          9.20571861e-02,   7.03015940e-01,  -2.37898501e-02],
       [ -5.00001754e-01,   2.23227633e-01,  -1.81263991e-01,
          6.09486877e-01,   2.90467335e-01,   4.59853792e-01],
       [ -5.00000003e-01,   3.82385789e-04,  -8.13031730e-04,
         -7.25247382e-01,   4.55233447e-01,   1.29529659e-01],
       [  5.00000966e-01,  -9.11826327e-02,  -5.66297692e-01,
         -2.07817692e-01,   4.26848429e-02,   6.13173300e-01],
       [  1.60809183e-06,  -2.30383195e-01,   7.05445751e-01,
         -5.05353378e-02,  -2.54859551e-01,   6.17869456e-01]]))
====
5.13166218105e+16
====
False
