[[  3.74680295   4.01067839  -5.44297921   0.40583712  -9.04782049
  -10.66401689]
 [  4.01067839   6.75954723   1.33616938   3.92746443  -1.49591342
   -4.34013294]
 [ -5.44297921   1.33616938  28.70958216   9.55320866  36.92662144
   36.03919011]
 [  0.40583712   3.92746443   9.55320866   4.99141081  10.61715505
    8.86396402]
 [ -9.04782049  -1.49591342  36.92662144  10.61715505  49.03968991
   49.24328707]
 [-10.66401689  -4.34013294  36.03919011   8.86396402  49.24328707
   50.64742693]]
====
(array([ -3.44419172e-14,   3.33410003e-10,   1.00138351e-07,
         1.46302481e-03,   1.35275546e+01,   1.30365442e+02]), array([[ -1.05637018e-05,  -8.88636007e-01,  -3.42015033e-02,
          2.19830392e-01,   3.83906509e-01,  -1.15959885e-01],
       [  5.00003551e-01,   3.14799314e-01,   3.84221214e-01,
          9.20571498e-02,   7.03015882e-01,  -2.37918328e-02],
       [ -4.99997249e-01,   2.23237481e-01,  -1.81264314e-01,
          6.09486873e-01,   2.90468699e-01,   4.59852926e-01],
       [ -4.99999995e-01,   3.92456284e-04,  -8.13026183e-04,
         -7.25247425e-01,   4.55233727e-01,   1.29528438e-01],
       [  4.99999205e-01,  -9.11931914e-02,  -5.66297526e-01,
         -2.07817702e-01,   4.26865441e-02,   6.13173197e-01],
       [ -3.10583393e-06,  -2.30382538e-01,   7.05445969e-01,
         -5.05352041e-02,  -2.54857824e-01,   6.17870175e-01]]))
====
5.13166218105e+16
====
False
