[[  3.98048803   4.26078979  -5.7825423    0.43110349  -9.6122286
  -11.3292114 ]
 [  4.26078979   7.18103422   1.41935815   4.17231835  -1.58935771
   -4.61092495]
 [ -5.7825423    1.41935815  30.50014847  10.14895371  39.22974403
   38.28702526]
 [  0.43110349   4.17231835  10.14895371   5.30264525  11.2792806
    9.41678661]
 [ -9.6122286   -1.58935771  39.22974403  11.2792806   52.09838234
   52.31473683]
 [-11.3292114   -4.61092495  38.28702526   9.41678661  52.31473683
   53.80649172]]
====
(array([ -3.63755894e-14,   3.54148818e-10,   1.06376904e-07,
         1.55420631e-03,   1.43710322e+01,   1.38496604e+02]), array([[ -7.17966665e-06,   8.88636042e-01,   3.42008282e-02,
          2.19830309e-01,   3.83906244e-01,  -1.15960853e-01],
       [  5.00002295e-01,  -3.14801510e-01,  -3.84221041e-01,
          9.20571179e-02,   7.03015830e-01,  -2.37935827e-02],
       [ -4.99998070e-01,  -2.23235416e-01,   1.81264611e-01,
          6.09486869e-01,   2.90469903e-01,   4.59852163e-01],
       [ -4.99999996e-01,  -3.90581076e-04,   8.13042988e-04,
         -7.25247463e-01,   4.55233973e-01,   1.29527361e-01],
       [  4.99999638e-01,   9.11917230e-02,   5.66297362e-01,
         -2.07817712e-01,   4.26880456e-02,   6.13173106e-01],
       [ -2.33755902e-06,   2.30381987e-01,  -7.05446151e-01,
         -5.05350861e-02,  -2.54856300e-01,   6.17870811e-01]]))
====
5.13166218105e+16
====
False
