[[  4.21417312   4.51090119  -6.12210538   0.45636985 -10.17663672
  -11.99440592]
 [  4.51090119   7.6025212    1.50254692   4.41717228  -1.682802
   -4.88171697]
 [ -6.12210538   1.50254692  32.29071478  10.74469876  41.53286661
   40.53486042]
 [  0.45636985   4.41717228  10.74469876   5.61387968  11.94140615
    9.96960919]
 [-10.17663672  -1.682802    41.53286661  11.94140615  55.15707477
   55.38618658]
 [-11.99440592  -4.88171697  40.53486042   9.96960919  55.38618658
   56.96555652]]
====
(array([ -5.50295775e-14,   3.74956666e-10,   1.12615457e-07,
         1.64538782e-03,   1.52145098e+01,   1.46627765e+02]), array([[ -1.90038566e-05,   8.88636070e-01,   3.42002818e-02,
          2.19830235e-01,   3.83906009e-01,  -1.15961713e-01],
       [  5.00006459e-01,  -3.14795096e-01,  -3.84220873e-01,
          9.20570895e-02,   7.03015785e-01,  -2.37951386e-02],
       [ -4.99995086e-01,  -2.23241937e-01,   1.81264828e-01,
          6.09486866e-01,   2.90470973e-01,   4.59851484e-01],
       [ -4.99999991e-01,  -3.97258479e-04,   8.13024193e-04,
         -7.25247497e-01,   4.55234192e-01,   1.29526403e-01],
       [  4.99998463e-01,   9.11987279e-02,   5.66297255e-01,
         -2.07817720e-01,   4.26893805e-02,   6.13173026e-01],
       [ -5.45181472e-06,   2.30381541e-01,  -7.05446300e-01,
         -5.05349812e-02,  -2.54854946e-01,   6.17871375e-01]]))
====
5.13166218105e+16
====
False
