[[  4.44785821   4.76101259  -6.46166847   0.48163622 -10.74104484
  -12.65960043]
 [  4.76101259   8.02400819   1.58573569   4.66202621  -1.77624629
   -5.15250898]
 [ -6.46166847   1.58573569  34.08128108  11.3404438   43.8359892
   42.78269558]
 [  0.48163622   4.66202621  11.3404438    5.92511411  12.60353171
   10.52243177]
 [-10.74104484  -1.77624629  43.8359892   12.60353171  58.21576719
   58.45763634]
 [-12.65960043  -5.15250898  42.78269558  10.52243177  58.45763634
   60.12462131]]
====
(array([ -4.96203785e-14,   3.95731767e-10,   1.18853995e-07,
         1.73656932e-03,   1.60579874e+01,   1.54758926e+02]), array([[ -3.71904627e-05,   8.88636102e-01,   3.41996242e-02,
          2.19830169e-01,   3.83905798e-01,  -1.15962483e-01],
       [  5.00012884e-01,  -3.14785149e-01,  -3.84220654e-01,
          9.20570641e-02,   7.03015744e-01,  -2.37965309e-02],
       [ -4.99990509e-01,  -2.23252016e-01,   1.81265057e-01,
          6.09486863e-01,   2.90471931e-01,   4.59850877e-01],
       [ -4.99999983e-01,  -4.07512730e-04,   8.12999290e-04,
         -7.25247527e-01,   4.55234388e-01,   1.29525546e-01],
       [  4.99996622e-01,   9.12093827e-02,   5.66297150e-01,
         -2.07817728e-01,   4.26905751e-02,   6.13172953e-01],
       [ -1.01987529e-05,   2.30381007e-01,  -7.05446476e-01,
         -5.05348873e-02,  -2.54853733e-01,   6.17871881e-01]]))
====
5.13166218105e+16
====
False
