[[ 0.46640824  0.49919382 -0.67772671  0.05042955 -1.12649098 -1.32764916]
 [ 0.49919382  0.84180545  0.16769785  0.489493   -0.1846146  -0.53883283]
 [-0.67772671  0.16769785  3.57864258  1.19136559  4.60231033  4.491221  ]
 [ 0.05042955  0.489493    1.19136559  0.62229797  1.32417056  1.10566062]
 [-1.12649098 -0.1846146   4.60231033  1.32417056  6.11109549  6.13571445]
 [-1.32764916 -0.53883283  4.491221    1.10566062  6.13571445  6.30985353]]
====
(array([ -3.79745013e-15,   4.16068933e-11,   1.24882058e-08,
         1.82395044e-04,   1.68493105e+00,   1.62449898e+01]), array([[  2.78494112e-05,   8.88643022e-01,   3.40191054e-02,
          2.19824558e-01,   3.83943674e-01,  -1.15847739e-01],
       [  4.99990105e-01,  -3.14902027e-01,  -3.84152478e-01,
          9.20543016e-02,   7.03024260e-01,  -2.35876404e-02],
       [ -5.00006981e-01,  -2.23178117e-01,   1.81324962e-01,
          6.09476165e-01,   2.90345198e-01,   4.59939425e-01],
       [ -5.00000012e-01,  -3.70094827e-04,   7.96541143e-04,
         -7.25255293e-01,   4.55184429e-01,   1.29657673e-01],
       [  5.00002901e-01,   9.12911420e-02,   5.66273842e-01,
         -2.07833429e-01,   4.25053673e-02,   6.13184738e-01],
       [  7.16534766e-06,   2.30233820e-01,  -7.05495666e-01,
         -5.05173062e-02,  -2.55037723e-01,   6.17796096e-01]]))
====
1.00591726411e+16
====
False
