[[  4.6815433    5.01112399  -6.80123155   0.50690259 -11.30545295
  -13.32479494]
 [  5.01112399   8.44549517   1.66892446   4.90688013  -1.86969058
   -5.423301  ]
 [ -6.80123155   1.66892446  35.87184739  11.93618885  46.13911178
   45.03053073]
 [  0.50690259   4.90688013  11.93618885   6.23634855  13.26565726
   11.07525436]
 [-11.30545295  -1.86969058  46.13911178  13.26565726  61.27445962
   61.52908609]
 [-13.32479494  -5.423301    45.03053073  11.07525436  61.52908609
   63.28368611]]
====
(array([ -4.60941169e-14,   4.16462032e-10,   1.25092552e-07,
         1.82775082e-03,   1.69014650e+01,   1.62890087e+02]), array([[ -5.91208557e-05,   8.88636124e-01,   3.41991772e-02,
          2.19830110e-01,   3.83905609e-01,  -1.15963176e-01],
       [  5.00020584e-01,  -3.14773001e-01,  -3.84220580e-01,
          9.20570412e-02,   7.03015708e-01,  -2.37977842e-02],
       [ -4.99984964e-01,  -2.23264249e-01,   1.81265298e-01,
          6.09486860e-01,   2.90472793e-01,   4.59850330e-01],
       [ -4.99999972e-01,  -4.19874228e-04,   8.13048516e-04,
         -7.25247554e-01,   4.55234565e-01,   1.29524774e-01],
       [  4.99994474e-01,   9.12220122e-02,   5.66296999e-01,
         -2.07817734e-01,   4.26916505e-02,   6.13172888e-01],
       [ -1.60155122e-05,   2.30380641e-01,  -7.05446597e-01,
         -5.05348027e-02,  -2.54852641e-01,   6.17872336e-01]]))
====
5.13166218105e+16
====
False
