[[  4.91627955   5.26240498  -7.14219598   0.532347   -11.87225397
  -13.99285625]
 [  5.26240498   8.86894305   1.7524676    5.15286686  -1.96360859
   -5.69539218]
 [ -7.14219598   1.7524676   37.66983494  12.53440826  48.4517756
   47.28767393]
 [  0.532347     5.15286686  12.53440826   6.54893797  13.93047937
   11.63027064]
 [-11.87225397  -1.96360859  48.4517756   13.93047937  64.34586357
   64.61333674]
 [-13.99285625  -5.69539218  47.28767393  11.63027064  64.61333674
   66.45598962]]
====
(array([ -3.62194542e-14,   4.37356077e-10,   1.31364026e-07,
         1.91938039e-03,   1.77488572e+01,   1.71055072e+02]), array([[ -6.83766771e-05,   8.88636021e-01,   3.42017630e-02,
          2.19830209e-01,   3.83905196e-01,  -1.15964373e-01],
       [  5.00023907e-01,  -3.14766647e-01,  -3.84221491e-01,
          9.20570871e-02,   7.03015612e-01,  -2.37999677e-02],
       [ -4.99982661e-01,  -2.23269996e-01,   1.81264377e-01,
          6.09487002e-01,   2.90474073e-01,   4.59849411e-01],
       [ -4.99999968e-01,  -4.25082386e-04,   8.13218934e-04,
         -7.25247440e-01,   4.55235141e-01,   1.29523384e-01],
       [  4.99993458e-01,   9.12255254e-02,   5.66297397e-01,
         -2.07817526e-01,   4.26936021e-02,   6.13172762e-01],
       [ -1.83307896e-05,   2.30382749e-01,  -7.05445893e-01,
         -5.05350699e-02,  -2.54850713e-01,   6.17873128e-01]]))
====
1.38926389286e+18
====
False
