[[  5.15127858   5.51397837  -7.48351074   0.55783591 -12.4396532
  -14.66163426]
 [  5.51397837   9.29288114   1.83609932   5.39913678  -2.05764504
   -5.96780815]
 [ -7.48351074   1.83609932  39.4696778   13.13324626  50.76682473
   49.54714413]
 [  0.55783591   5.39913678  13.13324626   6.86186615  14.59597562
   12.18583534]
 [-12.4396532   -2.05764504  50.76682473  14.59597562  67.42044539
   67.70078761]
 [-14.66163426  -5.96780815  49.54714413  12.18583534  67.70078761
   69.63160281]]
====
(array([ -2.19274651e-14,   4.58226871e-10,   1.37643784e-07,
         2.01112198e-03,   1.85972282e+01,   1.79228512e+02]), array([[ -5.35793948e-05,   8.88635899e-01,   3.42048581e-02,
          2.19830336e-01,   3.83904764e-01,  -1.15965597e-01],
       [  5.00018733e-01,  -3.14773603e-01,  -3.84222560e-01,
          9.20571448e-02,   7.03015510e-01,  -2.38022025e-02],
       [ -4.99986414e-01,  -2.23262318e-01,   1.81263259e-01,
          6.09487164e-01,   2.90475356e-01,   4.59848474e-01],
       [ -4.99999975e-01,  -4.16752004e-04,   8.13400790e-04,
         -7.25247304e-01,   4.55235763e-01,   1.29521955e-01],
       [  4.99994875e-01,   9.12151724e-02,   5.66297892e-01,
         -2.07817285e-01,   4.26956093e-02,   6.13172632e-01],
       [ -1.43650896e-05,   2.30385272e-01,  -7.05445051e-01,
         -5.05353946e-02,  -2.54848735e-01,   6.17873938e-01]]))
====
1.38926389286e+18
====
False
