[[  5.38627762   5.76555176  -7.8248255    0.58332482 -13.00705244
  -15.33041226]
 [  5.76555176   9.71681924   1.91973105   5.64540671  -2.15168148
   -6.24022412]
 [ -7.8248255    1.91973105  41.26952065  13.73208426  53.08187386
   51.80661433]
 [  0.58332482   5.64540671  13.73208426   7.17479432  15.26147187
   12.74140004]
 [-13.00705244  -2.15168148  53.08187386  15.26147187  70.49502722
   70.78823848]
 [-15.33041226  -6.24022412  51.80661433  12.74140004  70.78823848
   72.807216  ]]
====
(array([  1.68007813e-15,   4.79172248e-10,   1.43923520e-07,
         2.10286357e-03,   1.94455991e+01,   1.87401953e+02]), array([[ -4.75260653e-05,   8.88635788e-01,   3.42076410e-02,
          2.19830451e-01,   3.83904369e-01,  -1.15966715e-01],
       [  5.00016696e-01,  -3.14775779e-01,  -3.84223459e-01,
          9.20571974e-02,   7.03015417e-01,  -2.38042424e-02],
       [ -4.99987989e-01,  -2.23259492e-01,   1.81262186e-01,
          6.09487312e-01,   2.90476526e-01,   4.59847620e-01],
       [ -4.99999978e-01,  -4.13339473e-04,   8.13505050e-04,
         -7.25247180e-01,   4.55236332e-01,   1.29520651e-01],
       [  4.99995334e-01,   9.12099405e-02,   5.66298401e-01,
         -2.07817065e-01,   4.26974414e-02,   6.13172513e-01],
       [ -1.25893522e-05,   2.30387542e-01,  -7.05444293e-01,
         -5.05356910e-02,  -2.54846930e-01,   6.17874677e-01]]))
====
1.38926389286e+18
====
False
