[[  5.62127666   6.01712515  -8.16614026   0.60881374 -13.57445168
  -15.99919027]
 [  6.01712515  10.14075734   2.00336278   5.89167663  -2.24571793
   -6.51264009]
 [ -8.16614026   2.00336278  43.06936351  14.33092226  55.39692299
   54.06608453]
 [  0.60881374   5.89167663  14.33092226   7.4877225   15.92696812
   13.29696474]
 [-13.57445168  -2.24571793  55.39692299  15.92696812  73.56960905
   73.87568936]
 [-15.99919027  -6.51264009  54.06608453  13.29696474  73.87568936
   75.98282919]]
====
(array([  9.81547270e-15,   5.00048796e-10,   1.50203283e-07,
         2.19460515e-03,   2.02939700e+01,   1.95575393e+02]), array([[ -4.68744316e-05,   8.88635686e-01,   3.42101976e-02,
          2.19830558e-01,   3.83904007e-01,  -1.15967739e-01],
       [  5.00016526e-01,  -3.14775014e-01,  -3.84224336e-01,
          9.20572456e-02,   7.03015332e-01,  -2.38061118e-02],
       [ -4.99988184e-01,  -2.23259661e-01,   1.81261253e-01,
          6.09487448e-01,   2.90477599e-01,   4.59846836e-01],
       [ -4.99999979e-01,  -4.12968790e-04,   8.13651775e-04,
         -7.25247067e-01,   4.55236852e-01,   1.29519455e-01],
       [  4.99995309e-01,   9.12078984e-02,   5.66298817e-01,
         -2.07816864e-01,   4.26991203e-02,   6.13172403e-01],
       [ -1.23044180e-05,   2.30389626e-01,  -7.05443596e-01,
         -5.05359627e-02,  -2.54845276e-01,   6.17875355e-01]]))
====
1.38926389286e+18
====
False
