[[  5.8562757    6.26869854  -8.50745503   0.63430265 -14.14185092
  -16.66796827]
 [  6.26869854  10.56469544   2.0869945    6.13794656  -2.33975438
   -6.78505606]
 [ -8.50745503   2.0869945   44.86920637  14.92976026  57.71197213
   56.32555473]
 [  0.63430265   6.13794656  14.92976026   7.80065067  16.59246437
   13.85252944]
 [-14.14185092  -2.33975438  57.71197213  16.59246437  76.64419088
   76.96314023]
 [-16.66796827  -6.78505606  56.32555473  13.85252944  76.96314023
   79.15844238]]
====
(array([  2.02020670e-14,   5.20908360e-10,   1.56483012e-07,
         2.28634674e-03,   2.11423409e+01,   2.03748834e+02]), array([[ -5.66202167e-05,   8.88635592e-01,   3.42125459e-02,
          2.19830655e-01,   3.83903674e-01,  -1.15968681e-01],
       [  5.00020092e-01,  -3.14768494e-01,  -3.84225064e-01,
          9.20572899e-02,   7.03015253e-01,  -2.38078312e-02],
       [ -4.99985793e-01,  -2.23265633e-01,   1.81260318e-01,
          6.09487573e-01,   2.90478586e-01,   4.59846116e-01],
       [ -4.99999974e-01,  -4.18445626e-04,   8.13708255e-04,
         -7.25246962e-01,   4.55237331e-01,   1.29518356e-01],
       [  4.99994136e-01,   9.12118400e-02,   5.66299278e-01,
         -2.07816679e-01,   4.27006646e-02,   6.13172303e-01],
       [ -1.46123621e-05,   2.30391541e-01,  -7.05442957e-01,
         -5.05362125e-02,  -2.54843754e-01,   6.17875978e-01]]))
====
1.38926389286e+18
====
False
