[[  6.09127473   6.52027193  -8.84876979   0.65979156 -14.70925015
  -17.33674627]
 [  6.52027193  10.98863354   2.17062623   6.38421649  -2.43379082
   -7.05747203]
 [ -8.84876979   2.17062623  46.66904922  15.52859826  60.02702126
   58.58502493]
 [  0.65979156   6.38421649  15.52859826   8.11357885  17.25796062
   14.40809414]
 [-14.70925015  -2.43379082  60.02702126  17.25796062  79.7187727
   80.0505911 ]
 [-17.33674627  -7.05747203  58.58502493  14.40809414  80.0505911
   82.33405557]]
====
(array([  5.00380690e-14,   5.41863232e-10,   1.62762772e-07,
         2.37808832e-03,   2.19907118e+01,   2.11922275e+02]), array([[ -3.40169055e-05,   8.88635503e-01,   3.42148209e-02,
          2.19830745e-01,   3.83903367e-01,  -1.15969550e-01],
       [  5.00012126e-01,  -3.14780206e-01,  -3.84225860e-01,
          9.20573309e-02,   7.03015181e-01,  -2.38094180e-02],
       [ -4.99991493e-01,  -2.23253391e-01,   1.81259514e-01,
          6.09487689e-01,   2.90479497e-01,   4.59845451e-01],
       [ -4.99999985e-01,  -4.05724860e-04,   8.13847131e-04,
         -7.25246865e-01,   4.55237773e-01,   1.29517342e-01],
       [  4.99996395e-01,   9.11976337e-02,   5.66299627e-01,
         -2.07816508e-01,   4.27020897e-02,   6.13172210e-01],
       [ -8.67420699e-06,   2.30393394e-01,  -7.05442339e-01,
         -5.05364430e-02,  -2.54842350e-01,   6.17876553e-01]]))
====
1.38926389286e+18
====
False
