[[  6.32627377   6.77184532  -9.19008455   0.68528048 -15.27664939
  -18.00552428]
 [  6.77184532  11.41257164   2.25425796   6.63048641  -2.52782727
   -7.329888  ]
 [ -9.19008455   2.25425796  48.46889208  16.12743626  62.34207039
   60.84449513]
 [  0.68528048   6.63048641  16.12743626   8.42650702  17.92345687
   14.96365885]
 [-15.27664939  -2.52782727  62.34207039  17.92345687  82.79335453
   83.13804197]
 [-18.00552428  -7.329888    60.84449513  14.96365885  83.13804197
   85.50966876]]
====
(array([  4.50311549e-14,   5.62768476e-10,   1.69042510e-07,
         2.46982989e-03,   2.28390828e+01,   2.20095715e+02]), array([[ -5.56153516e-05,  -8.88635421e-01,  -3.42168466e-02,
          2.19830828e-01,   3.83903083e-01,  -1.15970355e-01],
       [  5.00019867e-01,   3.14767158e-01,   3.84226497e-01,
          9.20573688e-02,   7.03015114e-01,  -2.38108869e-02],
       [ -4.99986113e-01,   2.23265965e-01,  -1.81258718e-01,
          6.09487795e-01,   2.90480340e-01,   4.59844835e-01],
       [ -4.99999975e-01,   4.17872062e-04,  -8.13904355e-04,
         -7.25246776e-01,   4.55238183e-01,   1.29516402e-01],
       [  4.99994041e-01,  -9.12084568e-02,  -5.66300014e-01,
         -2.07816350e-01,   4.27034090e-02,   6.13172125e-01],
       [ -1.40999052e-05,  -2.30395045e-01,   7.05441787e-01,
         -5.05366565e-02,  -2.54841050e-01,   6.17877086e-01]]))
====
1.38926389286e+18
====
False
