[[  6.56127281   7.02341871  -9.53139931   0.71076939 -15.84404863
  -18.67430228]
 [  7.02341871  11.83650973   2.33788968   6.87675634  -2.62186371
   -7.60230397]
 [ -9.53139931   2.33788968  50.26873494  16.72627427  64.65711952
   63.10396533]
 [  0.71076939   6.87675634  16.72627427   8.73943519  18.58895312
   15.51922355]
 [-15.84404863  -2.62186371  64.65711952  18.58895312  85.86793636
   86.22549285]
 [-18.67430228  -7.60230397  63.10396533  15.51922355  86.22549285
   88.68528195]]
====
(array([  4.28148724e-14,   5.83635984e-10,   1.75322254e-07,
         2.56157147e-03,   2.36874537e+01,   2.28269156e+02]), array([[ -3.26088344e-05,  -8.88635345e-01,  -3.42187662e-02,
          2.19830906e-01,   3.83902819e-01,  -1.15971102e-01],
       [  5.00011774e-01,   3.14779255e-01,   3.84227139e-01,
          9.20574039e-02,   7.03015051e-01,  -2.38122507e-02],
       [ -4.99991922e-01,   2.23253422e-01,  -1.81258007e-01,
          6.09487894e-01,   2.90481123e-01,   4.59844264e-01],
       [ -4.99999986e-01,   4.04923661e-04,  -8.13994333e-04,
         -7.25246693e-01,   4.55238563e-01,   1.29515531e-01],
       [  4.99996316e-01,  -9.11942544e-02,  -5.66300340e-01,
         -2.07816203e-01,   4.27046338e-02,   6.13172045e-01],
       [ -8.02608882e-06,  -2.30396609e-01,   7.05441265e-01,
         -5.05368546e-02,  -2.54839844e-01,   6.17877580e-01]]))
====
1.38926389286e+18
====
False
