[[  6.79627185   7.2749921   -9.87271407   0.7362583  -16.41144787
  -19.34308029]
 [  7.2749921   12.26044783   2.42152141   7.12302626  -2.71590016
   -7.87471995]
 [ -9.87271407   2.42152141  52.06857779  17.32511227  66.97216865
   65.36343553]
 [  0.7362583    7.12302626  17.32511227   9.05236337  19.25444937
   16.07478825]
 [-16.41144787  -2.71590016  66.97216865  19.25444937  88.94251818
   89.31294372]
 [-19.34308029  -7.87471995  65.36343553  16.07478825  89.31294372
   91.86089514]]
====
(array([  2.23408946e-14,   6.04534366e-10,   1.81602022e-07,
         2.65331305e-03,   2.45358246e+01,   2.36442596e+02]), array([[  1.33705666e-05,  -8.88635277e-01,  -3.42204992e-02,
          2.19830978e-01,   3.83902573e-01,  -1.15971797e-01],
       [  4.99995505e-01,   3.14804358e-01,   3.84227764e-01,
          9.20574367e-02,   7.03014993e-01,  -2.38135202e-02],
       [ -5.00003482e-01,   2.23227915e-01,  -1.81257404e-01,
          6.09487987e-01,   2.90481851e-01,   4.59843732e-01],
       [ -5.00000006e-01,   3.79051283e-04,  -8.14124054e-04,
         -7.25246616e-01,   4.55238916e-01,   1.29514719e-01],
       [  5.00001006e-01,  -9.11672491e-02,  -5.66300592e-01,
         -2.07816066e-01,   4.27057740e-02,   6.13171971e-01],
       [  3.93086450e-06,  -2.30398022e-01,   7.05440793e-01,
         -5.05370390e-02,  -2.54838720e-01,   6.17878041e-01]]))
====
1.38926389286e+18
====
False
