[[ 0.69961236  0.74879074 -1.01659006  0.07564432 -1.68973647 -1.99147374]
 [ 0.74879074  1.26270817  0.25154677  0.73423951 -0.27692189 -0.80824924]
 [-1.01659006  0.25154677  5.36796387  1.78704839  6.90346549  6.7368315 ]
 [ 0.07564432  0.73423951  1.78704839  0.93344696  1.98625584  1.65849093]
 [-1.68973647 -0.27692189  6.90346549  1.98625584  9.16664323  9.20357168]
 [-1.99147374 -0.80824924  6.7368315   1.65849093  9.20357168  9.4647803 ]]
====
(array([ -5.73208999e-15,   6.24049266e-11,   1.87323036e-08,
         2.73592566e-04,   2.52739658e+00,   2.43674847e+01]), array([[  3.40968764e-05,   8.88643019e-01,   3.40191690e-02,
          2.19824558e-01,   3.83943674e-01,  -1.15847739e-01],
       [  4.99987827e-01,  -3.14905512e-01,  -3.84152587e-01,
          9.20543016e-02,   7.03024260e-01,  -2.35876404e-02],
       [ -5.00008517e-01,  -2.23174618e-01,   1.81325033e-01,
          6.09476165e-01,   2.90345198e-01,   4.59939425e-01],
       [ -5.00000014e-01,  -3.66583035e-04,   7.96627750e-04,
         -7.25255293e-01,   4.55184429e-01,   1.29657673e-01],
       [  5.00003640e-01,   9.12875896e-02,   5.66273761e-01,
         -2.07833429e-01,   4.25053673e-02,   6.13184738e-01],
       [  8.66020538e-06,   2.30233870e-01,  -7.05495649e-01,
         -5.05173062e-02,  -2.55037723e-01,   6.17796096e-01]]))
====
1.00591726411e+16
====
False
