[[  7.03127089   7.52656549 -10.21402883   0.76174722 -16.9788471
  -20.01185829]
 [  7.52656549  12.68438593   2.50515314   7.36929619  -2.80993661
   -8.14713592]
 [-10.21402883   2.50515314  53.86842065  17.92395027  69.28721778
   67.62290573]
 [  0.76174722   7.36929619  17.92395027   9.36529154  19.91994562
   16.63035295]
 [-16.9788471   -2.80993661  69.28721778  19.91994562  92.01710001
   92.40039459]
 [-20.01185829  -8.14713592  67.62290573  16.63035295  92.40039459
   95.03650833]]
====
(array([ -1.62498292e-14,   6.25438295e-10,   1.87881788e-07,
         2.74505462e-03,   2.53841955e+01,   2.44616037e+02]), array([[  3.56815714e-05,  -8.88635213e-01,  -3.42220882e-02,
          2.19831045e-01,   3.83902344e-01,  -1.15972446e-01],
       [  4.99987648e-01,   3.14816208e-01,   3.84228298e-01,
          9.20574672e-02,   7.03014939e-01,  -2.38147048e-02],
       [ -5.00009110e-01,   2.23215693e-01,  -1.81256809e-01,
          6.09488073e-01,   2.90482531e-01,   4.59843235e-01],
       [ -5.00000016e-01,   3.66494742e-04,  -8.14205863e-04,
         -7.25246544e-01,   4.55239246e-01,   1.29513962e-01],
       [  5.00003224e-01,  -9.11536532e-02,  -5.66300864e-01,
         -2.07815938e-01,   4.27068379e-02,   6.13171901e-01],
       [  9.80506082e-06,  -2.30399318e-01,   7.05440360e-01,
         -5.05372111e-02,  -2.54837672e-01,   6.17878470e-01]]))
====
1.38926389286e+18
====
False
