[[  7.26626992   7.77813888 -10.55534359   0.78723613 -17.54624634
  -20.6806363 ]
 [  7.77813888  13.10832403   2.58878486   7.61556612  -2.90397305
   -8.41955189]
 [-10.55534359   2.58878486  55.66826351  18.52278827  71.60226691
   69.88237593]
 [  0.78723613   7.61556612  18.52278827   9.67821972  20.58544187
   17.18591765]
 [-17.54624634  -2.90397305  71.60226691  20.58544187  95.09168184
   95.48784547]
 [-20.6806363   -8.41955189  69.88237593  17.18591765  95.48784547
   98.21212152]]
====
(array([ -3.78708717e-14,   6.46333611e-10,   1.94161544e-07,
         2.83679619e-03,   2.62325664e+01,   2.52789477e+02]), array([[  8.15302715e-05,   8.88635150e-01,   3.42235787e-02,
          2.19831108e-01,   3.83902130e-01,  -1.15973053e-01],
       [  4.99971424e-01,  -3.14841343e-01,  -3.84228831e-01,
          9.20574958e-02,   7.03014889e-01,  -2.38158128e-02],
       [ -5.00020636e-01,  -2.23190208e-01,   1.81256285e-01,
          6.09488153e-01,   2.90483167e-01,   4.59842771e-01],
       [ -5.00000034e-01,  -3.40695922e-04,   8.14315015e-04,
         -7.25246477e-01,   4.55239555e-01,   1.29513253e-01],
       [  5.00007897e-01,   9.11268793e-02,   5.66301086e-01,
         -2.07815819e-01,   4.27078331e-02,   6.13171837e-01],
       [  2.17296269e-05,   2.30400533e-01,  -7.05439954e-01,
         -5.05373721e-02,  -2.54836692e-01,   6.17878872e-01]]))
====
1.38926389286e+18
====
False
