[[   7.48558239    8.01290445  -10.87391714    0.81100211  -18.07581948
   -21.30481414]
 [   8.01290445   13.50395015    2.66686502    7.84539824   -2.99168689
    -8.67373257]
 [ -10.87391714    2.66686502   57.34824692   19.08175558   73.76313749
    71.99136151]
 [   0.81100211    7.84539824   19.08175558    9.97029072   21.20664806
    17.70452897]
 [ -18.07581948   -2.99168689   73.76313749   21.20664806   97.96147245
    98.36962305]
 [ -21.30481414   -8.67373257   71.99136151   17.70452897   98.36962305
   101.17615114]]
====
(array([ -7.93668997e-14,   6.65805979e-10,   2.00021018e-07,
         2.92240717e-03,   2.70242881e+01,   2.60418483e+02]), array([[  8.57260079e-05,   8.88635129e-01,   3.42241166e-02,
          2.19831125e-01,   3.83902032e-01,  -1.15973343e-01],
       [  4.99969987e-01,  -3.14843467e-01,  -3.84228965e-01,
          9.20575041e-02,   7.03014867e-01,  -2.38163410e-02],
       [ -5.00021716e-01,  -2.23187956e-01,   1.81256040e-01,
          6.09488183e-01,   2.90483484e-01,   4.59842547e-01],
       [ -5.00000036e-01,  -3.38334174e-04,   8.14293371e-04,
         -7.25246454e-01,   4.55239685e-01,   1.29512918e-01],
       [  5.00008252e-01,   9.11241640e-02,   5.66301223e-01,
         -2.07815776e-01,   4.27083026e-02,   6.13171807e-01],
       [  2.29135842e-05,   2.30400971e-01,  -7.05439808e-01,
         -5.05374232e-02,  -2.54836226e-01,   6.17879063e-01]]))
====
1.38926389286e+18
====
False
