[[   7.72058142    8.26447784  -11.2152319     0.83649103  -18.64321871
   -21.97359214]
 [   8.26447784   13.92788825    2.75049674    8.09166817   -3.08572334
    -8.94614854]
 [ -11.2152319     2.75049674   59.14808978   19.68059358   76.07818662
    74.25083171]
 [   0.83649103    8.09166817   19.68059358   10.2832189    21.87214431
    18.26009367]
 [ -18.64321871   -3.08572334   76.07818662   21.87214431  101.03605428
   101.45707392]
 [ -21.97359214   -8.94614854   74.25083171   18.26009367  101.45707392
   104.35176433]]
====
(array([ -9.79550230e-14,   6.86701167e-10,   2.06300768e-07,
         3.01414874e-03,   2.78726590e+01,   2.68591924e+02]), array([[  1.29694581e-04,   8.88635071e-01,   3.42254279e-02,
          2.19831182e-01,   3.83901840e-01,  -1.15973887e-01],
       [  4.99954442e-01,  -3.14867624e-01,  -3.84229413e-01,
          9.20575299e-02,   7.03014821e-01,  -2.38173340e-02],
       [ -5.00032775e-01,  -2.23163490e-01,   1.81255554e-01,
          6.09488255e-01,   2.90484053e-01,   4.59842131e-01],
       [ -5.00000052e-01,  -3.13592465e-04,   8.14370084e-04,
         -7.25246394e-01,   4.55239962e-01,   1.29512283e-01],
       [  5.00012709e-01,   9.10985637e-02,   5.66301441e-01,
         -2.07815668e-01,   4.27091946e-02,   6.13171749e-01],
       [  3.43779578e-05,   2.30402040e-01,  -7.05439450e-01,
         -5.05375683e-02,  -2.54835347e-01,   6.17879423e-01]]))
====
1.38926389286e+18
====
False
