[[   7.95549389    8.51594461  -11.5564604     0.8619504   -19.21045462
   -22.64216304]
 [   8.51594461   14.35164969    2.83410343    8.33783733   -3.17970893
    -9.21843921]
 [ -11.5564604     2.83410343   60.9474665    20.27927467   78.39263775
    76.50971973]
 [   0.8619504     8.33783733   20.27927467   10.59604559   22.53748293
    18.81554483]
 [ -19.21045462   -3.17970893   78.39263775   22.53748293  104.10982961
   104.54370377]
 [ -22.64216304   -9.21843921   76.50971973   18.81554483  104.54370377
   107.52651052]]
====
(array([ -1.01466059e-13,   7.07537876e-10,   2.12576615e-07,
         3.10584453e-03,   2.87206793e+01,   2.76763210e+02]), array([[  1.26517762e-04,  -8.88635045e-01,  -3.42261160e-02,
          2.19831206e-01,   3.83901705e-01,  -1.15974291e-01],
       [  4.99955582e-01,   3.14865531e-01,   3.84229653e-01,
          9.20575413e-02,   7.03014791e-01,  -2.38180696e-02],
       [ -5.00031985e-01,   2.23165420e-01,  -1.81255305e-01,
          6.09488296e-01,   2.90484495e-01,   4.59841820e-01],
       [ -5.00000051e-01,   3.15381487e-04,  -8.14414088e-04,
         -7.25246363e-01,   4.55240144e-01,   1.29511817e-01],
       [  5.00012362e-01,  -9.10998993e-02,  -5.66301550e-01,
         -2.07815609e-01,   4.27098483e-02,   6.13171707e-01],
       [  3.35811497e-05,  -2.30402601e-01,   7.05439262e-01,
         -5.05376384e-02,  -2.54834699e-01,   6.17879690e-01]]))
====
4.07183721199e+17
====
False
