[[   8.1903198     8.76730477  -11.89760263    0.88738022  -19.77752718
   -23.31052682]
 [   8.76730477   14.77523448    2.91768507    8.58390574   -3.27364367
    -9.49060458]
 [ -11.89760263    2.91768507   62.74637709   20.87779885   80.70649087
    78.76802556]
 [   0.88738022    8.58390574   20.87779885   10.90877079   23.20266391
    19.37088245]
 [ -19.77752718   -3.27364367   80.70649087   23.20266391  107.18279844
   107.62951259]
 [ -23.31052682   -9.49060458   78.76802556   19.37088245  107.62951259
   110.70038973]]
====
(array([ -8.36909414e-14,   7.28465752e-10,   2.18848581e-07,
         3.19749455e-03,   2.95683489e+01,   2.84932344e+02]), array([[  1.33756680e-04,   8.88635036e-01,   3.42263588e-02,
          2.19831199e-01,   3.83901622e-01,  -1.15974567e-01],
       [  4.99953009e-01,  -3.14869496e-01,  -3.84229753e-01,
          9.20575395e-02,   7.03014773e-01,  -2.38185698e-02],
       [ -5.00033798e-01,  -2.23161393e-01,   1.81255246e-01,
          6.09488307e-01,   2.90484820e-01,   4.59841605e-01],
       [ -5.00000053e-01,  -3.11313870e-04,   8.14434236e-04,
         -7.25246360e-01,   4.55240237e-01,   1.29511505e-01],
       [  5.00013117e-01,   9.10956685e-02,   5.66301566e-01,
         -2.07815593e-01,   4.27102842e-02,   6.13171680e-01],
       [  3.54418945e-05,   2.30402796e-01,  -7.05439198e-01,
         -5.05376400e-02,  -2.54834261e-01,   6.17879871e-01]]))
====
4.07183721199e+17
====
False
