[[   8.4251457     9.01866492  -12.23874487    0.91281004  -20.34459975
   -23.9788906 ]
 [   9.01866492   15.19881927    3.00126672    8.82997414   -3.36757841
    -9.76276995]
 [ -12.23874487    3.00126672   64.54528768   21.47632302   83.02034399
    81.02633139]
 [   0.91281004    8.82997414   21.47632302   11.221496     23.86784488
    19.92622007]
 [ -20.34459975   -3.36757841   83.02034399   23.86784488  110.25576728
   110.71532141]
 [ -23.9788906    -9.76276995   81.02633139   19.92622007  110.71532141
   113.87426893]]
====
(array([ -6.90827867e-14,   7.49418755e-10,   2.25120522e-07,
         3.28914457e-03,   3.04160185e+01,   2.93101477e+02]), array([[  1.15328027e-04,   8.88635035e-01,   3.42264776e-02,
          2.19831193e-01,   3.83901544e-01,  -1.15974827e-01],
       [  4.99959548e-01,  -3.14859076e-01,  -3.84229784e-01,
          9.20575378e-02,   7.03014757e-01,  -2.38190421e-02],
       [ -5.00029175e-01,  -2.23171784e-01,   1.81255194e-01,
          6.09488318e-01,   2.90485127e-01,   4.59841401e-01],
       [ -5.00000047e-01,  -3.21687048e-04,   8.14429178e-04,
         -7.25246358e-01,   4.55240325e-01,   1.29511211e-01],
       [  5.00011213e-01,   9.11059585e-02,   5.66301595e-01,
         -2.07815577e-01,   4.27106957e-02,   6.13171654e-01],
       [  3.06829878e-05,   2.30402893e-01,  -7.05439165e-01,
         -5.05376415e-02,  -2.54833847e-01,   6.17880043e-01]]))
====
4.07183721199e+17
====
False
