[[   8.65987447    9.2699211   -12.57974599    0.93822935  -20.91143775
   -24.64697792]
 [   9.2699211    15.6222289     3.08481397    9.07594084   -3.46147409
   -10.03482256]
 [ -12.57974599    3.08481397   66.34345467   22.07459987   85.33324057
    83.28370359]
 [   0.93822935    9.07594084   22.07459987   11.53409197   24.53275099
    20.48132822]
 [ -20.91143775   -3.46147409   85.33324057   24.53275099  113.32746565
   113.79985437]
 [ -24.64697792  -10.03482256   83.28370359   20.48132822  113.79985437
   117.04683577]]
====
(array([ -4.91227350e-14,   7.70150224e-10,   2.31389912e-07,
         3.38075672e-03,   3.12633377e+01,   3.01267233e+02]), array([[  1.00614806e-04,   8.88635031e-01,   3.42266550e-02,
          2.19831187e-01,   3.83901471e-01,  -1.15975072e-01],
       [  4.99964741e-01,  -3.14850718e-01,  -3.84229877e-01,
          9.20575362e-02,   7.03014741e-01,  -2.38194873e-02],
       [ -5.00025470e-01,  -2.23180097e-01,   1.81255169e-01,
          6.09488328e-01,   2.90485417e-01,   4.59841210e-01],
       [ -5.00000041e-01,  -3.29971094e-04,   8.14464468e-04,
         -7.25246355e-01,   4.55240408e-01,   1.29510933e-01],
       [  5.00009735e-01,   9.11141223e-02,   5.66301588e-01,
         -2.07815563e-01,   4.27110836e-02,   6.13171630e-01],
       [  2.68289505e-05,   2.30403036e-01,  -7.05439118e-01,
         -5.05376429e-02,  -2.54833457e-01,   6.17880204e-01]]))
====
1.23052257044e+16
====
False
