[[   8.8942147     9.52076139  -12.92018267    0.96360658  -21.47733748
   -25.31395938]
 [   9.52076139   16.04493792    3.16822361    9.32150074   -3.55521357
   -10.30642418]
 [ -12.92018267    3.16822361   68.13864727   22.67188738   87.64231103
    85.53734126]
 [   0.96360658    9.32150074   22.67188738   11.84617097   25.19655761
    21.03551848]
 [ -21.47733748   -3.55521357   87.64231103   25.19655761  116.39408221
   116.87928392]
 [ -25.31395938  -10.30642418   85.53734126   21.03551848  116.87928392
   120.21415317]]
====
(array([ -2.24803541e-14,   7.91046073e-10,   2.37648936e-07,
         3.47221740e-03,   3.21092549e+01,   3.09419479e+02]), array([[  9.58044806e-05,   8.88635031e-01,   3.42266955e-02,
          2.19831182e-01,   3.83901402e-01,  -1.15975302e-01],
       [  4.99966461e-01,  -3.14847994e-01,  -3.84229873e-01,
          9.20575346e-02,   7.03014727e-01,  -2.38199032e-02],
       [ -5.00024270e-01,  -2.23182808e-01,   1.81255131e-01,
          6.09488337e-01,   2.90485687e-01,   4.59841031e-01],
       [ -5.00000040e-01,  -3.32680900e-04,   8.14450426e-04,
         -7.25246353e-01,   4.55240485e-01,   1.29510674e-01],
       [  5.00009218e-01,   9.11167996e-02,   5.66301616e-01,
         -2.07815550e-01,   4.27114460e-02,   6.13171608e-01],
       [  2.56119819e-05,   2.30403070e-01,  -7.05439106e-01,
         -5.05376439e-02,  -2.54833093e-01,   6.17880355e-01]]))
====
1.23052257044e+16
====
False
