[[   9.12895021    9.77204154  -13.2611462     0.98905082  -22.04413692
   -25.98201876]
 [   9.77204154   16.46838438    3.25176651    9.56748665   -3.64913122
   -10.57851441]
 [ -13.2611462     3.25176651   69.93663002   23.27010519   89.9549687
    87.79447845]
 [   0.98905082    9.56748665   23.27010519   12.15875948   25.86137801
    21.5905334 ]
 [ -22.04413692   -3.64913122   89.9549687    25.86137801  119.46547793
   119.96352626]
 [ -25.98201876  -10.57851441   87.79447845   21.5905334   119.96352626
   123.38644804]]
====
(array([ -4.92474736e-14,   8.11934891e-10,   2.43920419e-07,
         3.56384662e-03,   3.29566443e+01,   3.17584442e+02]), array([[  8.74342633e-05,  -8.88635004e-01,  -3.42274094e-02,
          2.19831208e-01,   3.83901288e-01,  -1.15975634e-01],
       [  4.99969440e-01,   3.14842968e-01,   3.84230122e-01,
          9.20575466e-02,   7.03014701e-01,  -2.38205099e-02],
       [ -5.00022174e-01,   2.23187666e-01,  -1.81254878e-01,
          6.09488375e-01,   2.90486045e-01,   4.59840775e-01],
       [ -5.00000037e-01,   3.37390797e-04,  -8.14493609e-04,
         -7.25246323e-01,   4.55240643e-01,   1.29510288e-01],
       [  5.00008340e-01,  -9.11210417e-02,  -5.66301726e-01,
         -2.07815494e-01,   4.27119876e-02,   6.13171573e-01],
       [  2.34673989e-05,  -2.30403652e-01,   7.05438912e-01,
         -5.05377144e-02,  -2.54832558e-01,   6.17880575e-01]]))
====
1.38926389286e+18
====
False
