[[  0.93487147   1.0006371   -1.35829797   0.10115358  -2.25778149
   -2.66100722]
 [  1.0006371    1.68713552   0.33535584   0.9808174   -0.37096228
   -1.08087569]
 [ -1.35829797   0.33535584   7.17011814   2.38668966   9.22145196
    8.99913888]
 [  0.10115358   0.9808174    2.38668966   1.24678197   2.65265423
    2.21481996]
 [ -2.25778149  -0.37096228   9.22145196   2.65265423  12.24506847
   12.29483452]
 [ -2.66100722  -1.08087569   8.99913888   2.21481996  12.29483452
   12.64426148]]
====
(array([ -1.15204054e-14,   8.33502285e-11,   2.50202656e-08,
         3.65451590e-04,   3.37676398e+00,   3.25511076e+01]), array([[  9.81806743e-06,  -8.88640841e-01,  -3.40755502e-02,
          2.19826470e-01,   3.83932806e-01,  -1.15880264e-01],
       [  4.99996384e-01,   3.14866790e-01,   3.84173827e-01,
          9.20552225e-02,   7.03021801e-01,  -2.36468791e-02],
       [ -5.00002396e-01,   2.23199989e-01,  -1.81306274e-01,
          6.09479427e-01,   2.90380790e-01,   4.59914371e-01],
       [ -5.00000004e-01,   3.80427058e-04,  -8.01732574e-04,
         -7.25252838e-01,   4.55199024e-01,   1.29620132e-01],
       [  5.00001216e-01,  -9.12643050e-02,  -5.66281095e-01,
         -2.07828633e-01,   4.25580134e-02,   6.13181381e-01],
       [  2.28088138e-06,  -2.30279846e-01,   7.05480291e-01,
         -5.05229422e-02,  -2.54985505e-01,   6.17817591e-01]]))
====
5.90400647087e+16
====
False
