[[   9.36394925   10.02361493  -13.60246096    1.01453973  -22.61153615
   -26.65079677]
 [  10.02361493   16.89232248    3.33539824    9.81375658   -3.74316767
   -10.85093038]
 [ -13.60246096    3.33539824   71.73647288   23.86894319   92.27001783
    90.05394865]
 [   1.01453973    9.81375658   23.86894319   12.47168765   26.52687426
    22.1460981 ]
 [ -22.61153615   -3.74316767   92.27001783   26.52687426  122.54005976
   123.05097713]
 [ -26.65079677  -10.85093038   90.05394865   22.1460981   123.05097713
   126.56206123]]
====
(array([ -6.17075349e-14,   8.32934864e-10,   2.50200161e-07,
         3.65558819e-03,   3.38050152e+01,   3.25757882e+02]), array([[  1.32433217e-04,   8.88634958e-01,   3.42284160e-02,
          2.19831252e-01,   3.83901148e-01,  -1.15976025e-01],
       [  4.99953532e-01,  -3.14867840e-01,  -3.84230453e-01,
          9.20575668e-02,   7.03014667e-01,  -2.38212241e-02],
       [ -5.00033494e-01,  -2.23162557e-01,   1.81254491e-01,
          6.09488430e-01,   2.90486450e-01,   4.59840476e-01],
       [ -5.00000053e-01,  -3.12068815e-04,   8.14539402e-04,
         -7.25246276e-01,   4.55240848e-01,   1.29509830e-01],
       [  5.00012899e-01,   9.10950613e-02,   5.66301907e-01,
         -2.07815412e-01,   4.27126306e-02,   6.13171531e-01],
       [  3.52027373e-05,   2.30404472e-01,  -7.05438637e-01,
         -5.05378267e-02,  -2.54831925e-01,   6.17880834e-01]]))
====
1.38926389286e+18
====
False
