[[   9.59894829   10.27518832  -13.94377572    1.04002865  -23.17893539
   -27.31957477]
 [  10.27518832   17.31626058    3.41902996   10.06002651   -3.83720411
   -11.12334635]
 [ -13.94377572    3.41902996   73.53631573   24.46778119   94.58506696
    92.31341885]
 [   1.04002865   10.06002651   24.46778119   12.78461583   27.19237051
    22.7016628 ]
 [ -23.17893539   -3.83720411   94.58506696   27.19237051  125.61464158
   126.138428  ]
 [ -27.31957477  -11.12334635   92.31341885   22.7016628   126.138428
   129.73767442]]
====
(array([ -9.27493155e-14,   8.53757259e-10,   2.56479940e-07,
         3.74732975e-03,   3.46533861e+01,   3.33931323e+02]), array([[  1.42493354e-04,   8.88634918e-01,   3.42293823e-02,
          2.19831295e-01,   3.83901015e-01,  -1.15976397e-01],
       [  4.99949979e-01,  -3.14873071e-01,  -3.84230799e-01,
          9.20575860e-02,   7.03014636e-01,  -2.38219033e-02],
       [ -5.00036026e-01,  -2.23157099e-01,   1.81254151e-01,
          6.09488482e-01,   2.90486836e-01,   4.59840192e-01],
       [ -5.00000057e-01,  -3.06406814e-04,   8.14612131e-04,
         -7.25246231e-01,   4.55241042e-01,   1.29509395e-01],
       [  5.00013913e-01,   9.10887677e-02,   5.66302050e-01,
         -2.07815335e-01,   4.27132421e-02,   6.13171491e-01],
       [  3.78341952e-05,   2.30405260e-01,  -7.05438374e-01,
         -5.05379335e-02,  -2.54831324e-01,   6.17881080e-01]]))
====
1.38926389286e+18
====
False
