[[   9.83394733   10.52676171  -14.28509048    1.06551756  -23.74633463
   -27.98835278]
 [  10.52676171   17.74019868    3.50266169   10.30629643   -3.93124056
   -11.39576232]
 [ -14.28509048    3.50266169   75.33615859   25.06661919   96.90011609
    94.57288905]
 [   1.06551756   10.30629643   25.06661919   13.097544     27.85786676
    23.25722751]
 [ -23.74633463   -3.93124056   96.90011609   27.85786676  128.68922341
   129.22587887]
 [ -27.98835278  -11.39576232   94.57288905   23.25722751  129.22587887
   132.91328761]]
====
(array([ -1.42876543e-13,   8.74637188e-10,   2.62759663e-07,
         3.83907132e-03,   3.55017570e+01,   3.42104763e+02]), array([[  1.65097507e-04,   8.88634876e-01,   3.42303256e-02,
          2.19831335e-01,   3.83900888e-01,  -1.15976751e-01],
       [  4.99941972e-01,  -3.14885370e-01,  -3.84231150e-01,
          9.20576043e-02,   7.03014606e-01,  -2.38225501e-02],
       [ -5.00041703e-01,  -2.23144579e-01,   1.81253834e-01,
          6.09488532e-01,   2.90487203e-01,   4.59839922e-01],
       [ -5.00000064e-01,  -2.93687356e-04,   8.14693748e-04,
         -7.25246189e-01,   4.55241227e-01,   1.29508981e-01],
       [  5.00016226e-01,   9.10754318e-02,   5.66302177e-01,
         -2.07815261e-01,   4.27138245e-02,   6.13171453e-01],
       [  4.36993202e-05,   2.30406028e-01,  -7.05438117e-01,
         -5.05380352e-02,  -2.54830751e-01,   6.17881315e-01]]))
====
1.38926389286e+18
====
False
