[[  10.06894636   10.7783351   -14.62640524    1.09100647  -24.31373387
   -28.65713078]
 [  10.7783351    18.16413678    3.58629342   10.55256636   -4.02527701
   -11.66817829]
 [ -14.62640524    3.58629342   77.13600145   25.66545719   99.21516522
    96.83235925]
 [   1.09100647   10.55256636   25.66545719   13.41047218   28.52336301
    23.81279221]
 [ -24.31373387   -4.02527701   99.21516522   28.52336301  131.76380524
   132.31332975]
 [ -28.65713078  -11.66817829   96.83235925   23.81279221  132.31332975
   136.0889008 ]]
====
(array([ -1.52667329e-13,   8.95561219e-10,   2.69039310e-07,
         3.93081289e-03,   3.63501279e+01,   3.50278204e+02]), array([[  1.79457320e-04,  -8.88634837e-01,  -3.42312230e-02,
          2.19831374e-01,   3.83900768e-01,  -1.15977089e-01],
       [  4.99936832e-01,   3.14893047e-01,   3.84231556e-01,
          9.20576217e-02,   7.03014577e-01,  -2.38231667e-02],
       [ -5.00045283e-01,   2.23136690e-01,  -1.81253604e-01,
          6.09488580e-01,   2.90487553e-01,   4.59839664e-01],
       [ -5.00000069e-01,   2.85609490e-04,  -8.14843869e-04,
         -7.25246149e-01,   4.55241404e-01,   1.29508586e-01],
       [  5.00017776e-01,  -9.10667676e-02,  -5.66302225e-01,
         -2.07815191e-01,   4.27143796e-02,   6.13171416e-01],
       [  4.73233705e-05,  -2.30406759e-01,   7.05437872e-01,
         -5.05381321e-02,  -2.54830205e-01,   6.17881538e-01]]))
====
1.38926389286e+18
====
False
