[[  10.3039454    11.02990849  -14.96772001    1.11649539  -24.8811331
   -29.32590879]
 [  11.02990849   18.58807488    3.66992514   10.79883628   -4.11931345
   -11.94059426]
 [ -14.96772001    3.66992514   78.93584431   26.26429519  101.53021435
    99.09182945]
 [   1.11649539   10.79883628   26.26429519   13.72340035   29.18885926
    24.36835691]
 [ -24.8811331    -4.11931345  101.53021435   29.18885926  134.83838706
   135.40078062]
 [ -29.32590879  -11.94059426   99.09182945   24.36835691  135.40078062
   139.26451399]]
====
(array([ -1.72862887e-13,   9.16508347e-10,   2.75318943e-07,
         4.02255446e-03,   3.71984988e+01,   3.58451644e+02]), array([[  1.90447898e-04,   8.88634798e-01,   3.42321360e-02,
          2.19831411e-01,   3.83900652e-01,  -1.15977411e-01],
       [  4.99932880e-01,  -3.14898823e-01,  -3.84231975e-01,
          9.20576383e-02,   7.03014549e-01,  -2.38237552e-02],
       [ -5.00048013e-01,  -2.23130701e-01,   1.81253381e-01,
          6.09488625e-01,   2.90487887e-01,   4.59839418e-01],
       [ -5.00000072e-01,  -2.79427760e-04,   8.14998247e-04,
         -7.25246110e-01,   4.55241572e-01,   1.29508209e-01],
       [  5.00018989e-01,   9.10599901e-02,   5.66302266e-01,
         -2.07815124e-01,   4.27149095e-02,   6.13171382e-01],
       [  5.00624904e-05,   2.30407502e-01,  -7.05437624e-01,
         -5.05382247e-02,  -2.54829683e-01,   6.17881751e-01]]))
====
1.38926389286e+18
====
False
