[[  10.53894444   11.28148187  -15.30903477    1.1419843   -25.44853234
   -29.99468679]
 [  11.28148187   19.01201298    3.75355687   11.04510621   -4.2133499
   -12.21301023]
 [ -15.30903477    3.75355687   80.73568716   26.86313319  103.84526348
   101.35129965]
 [   1.1419843    11.04510621   26.86313319   14.03632853   29.85435551
    24.92392161]
 [ -25.44853234   -4.2133499   103.84526348   29.85435551  137.91296889
   138.48823149]
 [ -29.99468679  -12.21301023  101.35129965   24.92392161  138.48823149
   142.44012718]]
====
(array([ -2.06237152e-13,   9.37389426e-10,   2.81598576e-07,
         4.11429602e-03,   3.80468697e+01,   3.66625085e+02]), array([[  1.83679217e-04,   8.88634768e-01,   3.42329210e-02,
          2.19831446e-01,   3.83900542e-01,  -1.15977719e-01],
       [  4.99935257e-01,  -3.14894665e-01,  -3.84232298e-01,
          9.20576542e-02,   7.03014523e-01,  -2.38243174e-02],
       [ -5.00046303e-01,  -2.23134677e-01,   1.81253145e-01,
          6.09488668e-01,   2.90488206e-01,   4.59839183e-01],
       [ -5.00000070e-01,  -2.83236526e-04,   8.15099942e-04,
         -7.25246073e-01,   4.55241733e-01,   1.29507848e-01],
       [  5.00018327e-01,   9.10632859e-02,   5.66302341e-01,
         -2.07815060e-01,   4.27154157e-02,   6.13171349e-01],
       [  4.82673469e-05,   2.30408143e-01,  -7.05437410e-01,
         -5.05383131e-02,  -2.54829186e-01,   6.17881955e-01]]))
====
1.38926389286e+18
====
False
