[[  10.77394348   11.53305526  -15.65034953    1.16747321  -26.01593158
   -30.6634648 ]
 [  11.53305526   19.43595107    3.8371886    11.29137613   -4.30738634
   -12.4854262 ]
 [ -15.65034953    3.8371886    82.53553002   27.46197119  106.16031262
   103.61076985]
 [   1.16747321   11.29137613   27.46197119   14.3492567    30.51985176
    25.47948631]
 [ -26.01593158   -4.30738634  106.16031262   30.51985176  140.98755072
   141.57568237]
 [ -30.6634648   -12.4854262   103.61076985   25.47948631  141.57568237
   145.61574037]]
====
(array([ -2.40644003e-13,   9.58199095e-10,   2.87878239e-07,
         4.20603759e-03,   3.88952406e+01,   3.74798525e+02]), array([[  1.88193185e-04,   8.88634735e-01,   3.42337195e-02,
          2.19831480e-01,   3.83900437e-01,  -1.15978013e-01],
       [  4.99933594e-01,  -3.14896847e-01,  -3.84232683e-01,
          9.20576694e-02,   7.03014498e-01,  -2.38248551e-02],
       [ -5.00047404e-01,  -2.23132309e-01,   1.81252965e-01,
          6.09488709e-01,   2.90488511e-01,   4.59838958e-01],
       [ -5.00000071e-01,  -2.80699289e-04,   8.15255956e-04,
         -7.25246038e-01,   4.55241887e-01,   1.29507504e-01],
       [  5.00018886e-01,   9.10602272e-02,   5.66302360e-01,
         -2.07814998e-01,   4.27158999e-02,   6.13171317e-01],
       [  4.93153952e-05,   2.30408794e-01,  -7.05437193e-01,
         -5.05383976e-02,  -2.54828709e-01,   6.17882150e-01]]))
====
1.38926389286e+18
====
False
