[[  11.00894251   11.78462865  -15.99166429    1.19296213  -26.58333082
   -31.3322428 ]
 [  11.78462865   19.85988917    3.92082032   11.53764606   -4.40142279
   -12.75784218]
 [ -15.99166429    3.92082032   84.33537288   28.06080919  108.47536175
   105.87024005]
 [   1.19296213   11.53764606   28.06080919   14.66218487   31.18534801
    26.03505101]
 [ -26.58333082   -4.40142279  108.47536175   31.18534801  144.06213254
   144.66313324]
 [ -31.3322428   -12.75784218  105.87024005   26.03505101  144.66313324
   148.79135356]]
====
(array([ -2.72714576e-13,   9.79198297e-10,   2.94157875e-07,
         4.29777915e-03,   3.97436115e+01,   3.82971966e+02]), array([[  1.85442948e-04,   8.88634707e-01,   3.42344456e-02,
          2.19831512e-01,   3.83900336e-01,  -1.15978295e-01],
       [  4.99934550e-01,  -3.14894976e-01,  -3.84232980e-01,
          9.20576840e-02,   7.03014474e-01,  -2.38253699e-02],
       [ -5.00046704e-01,  -2.23134010e-01,   1.81252746e-01,
          6.09488749e-01,   2.90488803e-01,   4.59838743e-01],
       [ -5.00000070e-01,  -2.82246962e-04,   8.15347827e-04,
         -7.25246005e-01,   4.55242034e-01,   1.29507174e-01],
       [  5.00018632e-01,   9.10613004e-02,   5.66302431e-01,
         -2.07814940e-01,   4.27163633e-02,   6.13171287e-01],
       [  4.85673125e-05,   2.30409387e-01,  -7.05436995e-01,
         -5.05384785e-02,  -2.54828253e-01,   6.17882337e-01]]))
====
1.38926389286e+18
====
False
