[[  11.2423174    12.03443563  -16.33069857    1.21823482  -27.14689938
   -31.9964767 ]
 [  12.03443563   20.28085747    4.00388809   11.78219522   -4.49477416
   -13.02832326]
 [ -16.33069857    4.00388809   86.12317541   28.65563865  110.77492596
   108.11459906]
 [   1.21823482   11.78219522   28.65563865   14.97297945   31.84642288
    26.58696071]
 [ -27.14689938   -4.49477416  110.77492596   31.84642288  147.116123
   147.72988303]
 [ -31.9964767   -13.02832326  108.11459906   26.58696071  147.72988303
   151.94562841]]
====
(array([ -3.18892801e-13,   9.99983895e-10,   3.00391076e-07,
         4.38886349e-03,   4.05860456e+01,   3.91090646e+02]), array([[  1.79174432e-04,   8.88634709e-01,   3.42344453e-02,
          2.19831501e-01,   3.83900307e-01,  -1.15978403e-01],
       [  4.99936707e-01,  -3.14891447e-01,  -3.84233065e-01,
          9.20576796e-02,   7.03014469e-01,  -2.38255654e-02],
       [ -5.00045097e-01,  -2.23137538e-01,   1.81252840e-01,
          6.09488747e-01,   2.90488940e-01,   4.59838657e-01],
       [ -5.00000068e-01,  -2.85780631e-04,   8.15424454e-04,
         -7.25246010e-01,   4.55242059e-01,   1.29507054e-01],
       [  5.00018087e-01,   9.10648319e-02,   5.66302342e-01,
         -2.07814943e-01,   4.27165303e-02,   6.13171277e-01],
       [  4.68186527e-05,   2.30409384e-01,  -7.05436996e-01,
         -5.05384612e-02,  -2.54828083e-01,   6.17882408e-01]]))
====
1.58873938877e+17
====
False
