[[  11.47569229   12.28424261  -16.66973286    1.24350751  -27.71046795
   -32.66071059]
 [  12.28424261   20.70182576    4.08695586   12.02674437   -4.58812553
   -13.29880435]
 [ -16.66973286    4.08695586   87.91097794   29.2504681   113.07449018
   110.35895807]
 [   1.24350751   12.02674437   29.2504681    15.28377402   32.50749775
    27.13887041]
 [ -27.71046795   -4.58812553  113.07449018   32.50749775  150.17011346
   150.79663282]
 [ -32.66071059  -13.29880435  110.35895807   27.13887041  150.79663282
   155.09990326]]
====
(array([ -3.17386179e-13,   1.02065764e-09,   3.06624247e-07,
         4.47994783e-03,   4.14284796e+01,   3.99209327e+02]), array([[  1.84816355e-04,   8.88634716e-01,   3.42342666e-02,
          2.19831490e-01,   3.83900280e-01,  -1.15978507e-01],
       [  4.99934632e-01,  -3.14894695e-01,  -3.84233102e-01,
          9.20576753e-02,   7.03014464e-01,  -2.38257530e-02],
       [ -5.00046475e-01,  -2.23134327e-01,   1.81252996e-01,
          6.09488745e-01,   2.90489071e-01,   4.59838575e-01],
       [ -5.00000070e-01,  -2.82613084e-04,   8.15517640e-04,
         -7.25246016e-01,   4.55242083e-01,   1.29506939e-01],
       [  5.00018780e-01,   9.10617758e-02,   5.66302218e-01,
         -2.07814946e-01,   4.27166905e-02,   6.13171267e-01],
       [  4.81351765e-05,   2.30409240e-01,  -7.05437044e-01,
         -5.05384447e-02,  -2.54827920e-01,   6.17882476e-01]]))
====
1.58873938877e+17
====
False
