[[  1.17035892   1.2527334   -1.70032193   0.12669555  -2.82635979
   -3.33117501]
 [  1.2527334    2.11195449   0.41916048   1.22759878  -0.46519523
   -1.3538588 ]
 [ -1.70032193   0.41916048   8.97369829   2.98677076  11.54130857
   11.26330146]
 [  0.12669555   1.22759878   2.98677076   1.56035988   3.31953185
    2.77153772]
 [ -2.82635979  -0.46519523  11.54130857   3.31953185  15.32603565
   15.38869798]
 [ -3.33117501  -1.3538588   11.26330146   2.77153772  15.38869798
   15.82647093]]
====
(array([ -1.85832023e-14,   1.04308579e-10,   3.13130682e-08,
         4.57383937e-04,   4.22689796e+00,   4.07415228e+01]), array([[  2.21855197e-06,   8.88639343e-01,   3.41142591e-02,
          2.19827783e-01,   3.83925342e-01,  -1.15902600e-01],
       [  4.99999025e-01,  -3.14845305e-01,  -3.84188435e-01,
          9.20558539e-02,   7.03020109e-01,  -2.36875600e-02],
       [ -5.00000461e-01,  -2.23212305e-01,   1.81293418e-01,
          6.09481668e-01,   2.90405231e-01,   4.59897163e-01],
       [ -5.00000001e-01,  -3.84830530e-04,   8.05266411e-04,
         -7.25251151e-01,   4.55209045e-01,   1.29594351e-01],
       [  5.00000514e-01,   9.12432161e-02,   5.66286104e-01,
         -2.07825337e-01,   4.25941668e-02,   6.13179074e-01],
       [  2.12241935e-07,   2.30311410e-01,  -7.05469745e-01,
         -5.05268141e-02,  -2.54949645e-01,   6.17832350e-01]]))
====
5.90400647087e+16
====
False
