[[  1.40584637   1.50482971  -2.0423459    0.15223752  -3.39493809
   -4.0013428 ]
 [  1.50482971   2.53677347   0.50296512   1.47438017  -0.55942818
   -1.62684191]
 [ -2.0423459    0.50296512  10.77727845   3.58685186  13.86116518
   13.52746404]
 [  0.15223752   1.47438017   3.58685186   1.87393778   3.98640947
    3.32825549]
 [ -3.39493809  -0.55942818  13.86116518   3.98640947  18.40700283
   18.48256144]
 [ -4.0013428   -1.62684191  13.52746404   3.32825549  18.48256144
   19.00868038]]
====
(array([ -2.06041736e-14,   1.25256383e-10,   3.76058612e-08,
         5.49316189e-04,   5.07703177e+00,   4.89319382e+01]), array([[  2.39879210e-05,  -8.88638342e-01,  -3.41400982e-02,
          2.19828656e-01,   3.83920375e-01,  -1.15917458e-01],
       [  4.99991318e-01,   3.14846070e-01,   3.84198130e-01,
          9.20562735e-02,   7.03018983e-01,  -2.37146228e-02],
       [ -5.00005932e-01,   2.23205420e-01,  -1.81284788e-01,
          6.09483159e-01,   2.90421490e-01,   4.59885716e-01],
       [ -5.00000010e-01,   3.72664918e-04,  -8.07563779e-04,
         -7.25250029e-01,   4.55215711e-01,   1.29577200e-01],
       [  5.00002739e-01,  -9.12140348e-02,  -5.66289498e-01,
         -2.07823144e-01,   4.26182177e-02,   6.13177538e-01],
       [  5.86619107e-06,  -2.30332478e-01,   7.05462705e-01,
         -5.05293904e-02,  -2.54925788e-01,   6.17842168e-01]]))
====
5.90400647087e+16
====
False
