[[  1.64133381   1.75692601  -2.38436987   0.17777949  -3.96351639
   -4.67151059]
 [  1.75692601   2.96159244   0.58676976   1.72116155  -0.65366113
   -1.89982502]
 [ -2.38436987   0.58676976  12.5808586    4.18693296  16.1810218
   15.79162662]
 [  0.17777949   1.72116155   4.18693296   2.18751569   4.65328709
    3.88497326]
 [ -3.96351639  -0.65366113  16.1810218    4.65328709  21.48797001
   21.5764249 ]
 [ -4.67151059  -1.89982502  15.79162662   3.88497326  21.5764249
   22.19088983]]
====
(array([ -2.43905286e-14,   1.46204404e-10,   4.38986423e-08,
         6.41248385e-04,   5.92716549e+00,   5.71223536e+01]), array([[  2.56232037e-05,  -8.88637626e-01,  -3.41585888e-02,
          2.19829278e-01,   3.83916833e-01,  -1.15928056e-01],
       [  4.99990749e-01,   3.14838772e-01,   3.84205058e-01,
          9.20565725e-02,   7.03018179e-01,  -2.37339251e-02],
       [ -5.00006348e-01,   2.23208337e-01,  -1.81278610e-01,
          6.09484222e-01,   2.90433086e-01,   4.59877550e-01],
       [ -5.00000011e-01,   3.71803953e-04,  -8.09194752e-04,
         -7.25249229e-01,   4.55220464e-01,   1.29564967e-01],
       [  5.00002891e-01,  -9.12009983e-02,  -5.66291933e-01,
         -2.07821580e-01,   4.26353718e-02,   6.13176442e-01],
       [  6.30994212e-06,  -2.30347553e-01,   7.05457668e-01,
         -5.05312283e-02,  -2.54908772e-01,   6.17849169e-01]]))
====
5.90400647087e+16
====
False
