[[  1.87682126   2.00902232  -2.72639383   0.20332146  -4.53209468
   -5.34167838]
 [  2.00902232   3.38641142   0.67057441   1.96794293  -0.74789408
   -2.17280813]
 [ -2.72639383   0.67057441  14.38443876   4.78701405  18.50087841
   18.0557892 ]
 [  0.20332146   1.96794293   4.78701405   2.50109359   5.32016471
    4.44169103]
 [ -4.53209468  -0.74789408  18.50087841   5.32016471  24.5689372
   24.67028836]
 [ -5.34167838  -2.17280813  18.0557892    4.44169103  24.67028836
   25.37309928]]
====
(array([ -2.36993697e-14,   1.67154271e-10,   5.01914183e-08,
         7.33180548e-04,   6.77729915e+00,   6.53127691e+01]), array([[  5.60751722e-05,  -8.88637088e-01,  -3.41724332e-02,
          2.19829745e-01,   3.83914178e-01,  -1.15935995e-01],
       [  4.99979957e-01,   3.14849752e-01,   3.84210260e-01,
          9.20567965e-02,   7.03017576e-01,  -2.37483865e-02],
       [ -5.00013995e-01,   2.23194077e-01,  -1.81273997e-01,
          6.09485019e-01,   2.90441774e-01,   4.59871432e-01],
       [ -5.00000023e-01,   3.54714787e-04,  -8.10431346e-04,
         -7.25248630e-01,   4.55224026e-01,   1.29555802e-01],
       [  5.00006021e-01,  -9.11747925e-02,  -5.66293742e-01,
         -2.07820407e-01,   4.26482236e-02,   6.13175620e-01],
       [  1.41981657e-05,  -2.30358840e-01,   7.05453896e-01,
         -5.05326054e-02,  -2.54896024e-01,   6.17854415e-01]]))
====
5.90400647087e+16
====
False
