[[  2.1123087    2.26111862  -3.0684178    0.22886344  -5.10067298
   -6.01184618]
 [  2.26111862   3.81123039   0.75437905   2.21472432  -0.84212703
   -2.44579124]
 [ -3.0684178    0.75437905  16.18801891   5.38709515  20.82073502
   20.31995178]
 [  0.22886344   2.21472432   5.38709515   2.8146715    5.98704233
    4.9984088 ]
 [ -5.10067298  -0.84212703  20.82073502   5.98704233  27.64990438
   27.76415182]
 [ -6.01184618  -2.44579124  20.31995178   4.9984088   27.76415182
   28.55530873]]
====
(array([ -3.08340186e-14,   1.88121915e-10,   5.64841866e-08,
         8.25112688e-04,   7.62743278e+00,   7.35031847e+01]), array([[  6.25128501e-05,   8.88636672e-01,   3.41831365e-02,
          2.19830107e-01,   3.83912116e-01,  -1.15942165e-01],
       [  4.99977713e-01,  -3.14848618e-01,  -3.84214231e-01,
          9.20569704e-02,   7.03017107e-01,  -2.37596251e-02],
       [ -5.00015631e-01,  -2.23192674e-01,   1.81270373e-01,
          6.09485638e-01,   2.90448526e-01,   4.59866678e-01],
       [ -5.00000026e-01,  -3.51125433e-04,   8.11339862e-04,
         -7.25248164e-01,   4.55226793e-01,   1.29548679e-01],
       [  5.00006625e-01,   9.11641538e-02,   5.66295195e-01,
         -2.07819496e-01,   4.26582114e-02,   6.13174982e-01],
       [  1.59380866e-05,   2.30367568e-01,  -7.05450979e-01,
         -5.05336758e-02,  -2.54886116e-01,   6.17858491e-01]]))
====
5.90400647087e+16
====
False
