[[ 1.13084385  1.93270286  0.38826032  1.23023667 -0.31420587 -1.16054355]
 [ 1.93270286  3.94921495  2.30404291  3.08141841  1.43624637 -0.30972441]
 [ 0.38826032  2.30404291  4.36055218  2.89625447  4.95276374  3.90097695]
 [ 1.23023667  3.08141841  2.89625447  2.82821321  2.64304927  1.26691537]
 [-0.31420587  1.43624637  4.95276374  2.64304927  6.15956665  5.47761673]
 [-1.16054355 -0.30972441  3.90097695  1.26691537  5.47761673  5.56861118]]
====
(array([ -2.43912963e-15,   5.83122785e-06,   6.15691995e-04,
         2.48453867e-02,   7.15890944e+00,   1.68126257e+01]), array([[ -5.49102633e-11,   5.78041794e-01,  -6.66897147e-01,
          2.52504278e-01,   3.96359659e-01,  -1.60153424e-02],
       [  5.00000000e-01,   8.43620748e-02,   5.01371766e-01,
          8.10728766e-02,   6.59921645e-01,  -2.22351082e-01],
       [ -5.00000000e-01,  -2.45274670e-01,   9.61535496e-02,
          6.46110601e-01,   8.74528003e-02,  -5.05458138e-01],
       [ -5.00000000e-01,  -4.48357872e-02,  -5.35806576e-02,
         -6.95137747e-01,   4.05461418e-01,  -3.12255371e-01],
       [  5.00000000e-01,  -3.74472532e-01,  -4.58798874e-01,
         -1.30100022e-01,  -1.67007427e-01,  -5.95362428e-01],
       [ -6.48787065e-11,   6.75537665e-01,   2.85064466e-01,
         -1.09851565e-01,  -4.55482172e-01,  -4.92803955e-01]]))
====
8.12005605449e+15
====
False
