[[  4.53288654   7.74706933   1.55631095   4.93129761  -1.25946077
   -4.65193069]
 [  7.74706933  15.82982837   9.23480666  12.35124155   5.75621983
   -1.24223761]
 [  1.55631095   9.23480666  17.47667756  11.60833072  19.85020162
   15.63453988]
 [  4.93129761  12.35124155  11.60833072  11.33614675  10.59323592
    5.07728186]
 [ -1.25946077   5.75621983  19.85020162  10.59323592  24.68721771
   21.95405934]
 [ -4.65193069  -1.24223761  15.63453988   5.07728186  21.95405934
   22.31912999]]
====
(array([  7.35956433e-16,   2.33678232e-05,   2.46793308e-03,
         9.95738855e-02,   2.86958131e+01,   6.73840086e+01]), array([[  1.73423180e-10,   5.78042124e-01,  -6.66897488e-01,
          2.52502401e-01,   3.96359615e-01,  -1.60198829e-02],
       [  5.00000000e-01,   8.43627025e-02,   5.01371720e-01,
          8.10731077e-02,   6.59918397e-01,  -2.22360504e-01],
       [ -5.00000000e-01,  -2.45272480e-01,   9.61539432e-02,
          6.46114004e-01,   8.74457532e-02,  -5.05455996e-01],
       [ -5.00000000e-01,  -4.48380273e-02,  -5.35808470e-02,
         -6.95136236e-01,   4.05456175e-01,  -3.12265188e-01],
       [  5.00000000e-01,  -3.74473210e-01,  -4.58798624e-01,
         -1.30095339e-01,  -1.67016469e-01,  -5.95360680e-01],
       [  2.01659541e-10,   6.75537575e-01,   2.85063981e-01,
         -1.09850801e-01,  -4.55489621e-01,  -4.92797644e-01]]))
====
5.38691518058e+15
====
False
