sim =  True
[[  2.76714570e+76   4.47099933e+76   1.29282287e+76   3.71568216e+76
    5.37505695e+75  -7.83816819e+75]
 [  4.47099933e+76   8.36367523e+76   4.74143257e+76   7.17684643e+76
    3.55460376e+76   1.19893517e+76]
 [  1.29282287e+76   4.74143257e+76   6.86237389e+76   4.46406246e+76
    6.58500378e+76   5.45108708e+76]
 [  3.71568216e+76   7.17684643e+76   4.46406246e+76   6.19726107e+76
    3.48447711e+76   1.48305644e+76]
 [  5.37505695e+75   3.55460376e+76   6.58500378e+76   3.48447711e+76
    6.51487712e+76   5.73520834e+76]
 [ -7.83816819e+75   1.19893517e+76   5.45108708e+76   1.48305644e+76
    5.73520834e+76   5.62934841e+76]]
====
[[  8.27035789e-72  -8.42215709e-72  -9.32901892e-72   7.11871517e-72
    6.21185337e-72   3.77479403e-72]
 [ -8.42215709e-72   1.04611434e-71   9.84969452e-72  -8.65779992e-72
   -9.26924886e-72  -1.21401695e-72]
 [ -9.32901891e-72   9.84969451e-72   1.06030511e-71  -8.30081905e-72
   -7.54746254e-72  -3.78777204e-72]
 [  7.11871517e-72  -8.65779992e-72  -8.30081906e-72   7.18634625e-72
    7.54332714e-72   1.29465910e-72]
 [  6.21185337e-72  -9.26924886e-72  -7.54746254e-72   7.54332714e-72
    9.26511349e-72  -1.27909598e-72]
 [  3.77479403e-72  -1.21401694e-72  -3.78777203e-72   1.29465910e-72
   -1.27909599e-72   5.41406875e-72]]
====
(array([ -1.13430784e+62,   2.33851124e+70,   1.18686666e+71,
         8.14848390e+73,   1.08567108e+77,   2.54698079e+77]), array([[ -2.75334191e-10,  -4.21001733e-01,  -2.85021873e-01,
          7.33345199e-01,   4.07455970e-01,  -1.94176528e-01],
       [  5.00000000e-01,   4.89342761e-01,  -1.61988676e-01,
         -1.71216016e-01,   4.69781454e-01,  -4.84039040e-01],
       [ -5.00000000e-01,   4.86389121e-01,   2.39867157e-01,
          3.85384523e-01,  -2.57301323e-01,  -4.91084686e-01],
       [ -5.00000000e-01,  -4.07845724e-01,   9.12492888e-02,
         -5.10386028e-01,   3.53280211e-01,  -4.35929613e-01],
       [  5.00000000e-01,  -4.10799366e-01,   4.93105122e-01,
          4.62145110e-02,  -3.73802566e-01,  -4.42975260e-01],
       [  1.49082894e-11,  -1.07854403e-01,  -7.63876204e-01,
         -1.47441465e-01,  -5.31550356e-01,  -3.17136890e-01]]))
====
3.24308533608e+15
====
[[  1.00000000e+00   3.15985594e-10   2.18905114e-11  -2.61378137e-10
    1.37799012e-10  -1.39955090e-10]
 [  6.03799136e-10   7.49999999e-01   2.50000000e-01   2.50000001e-01
   -2.50000000e-01   2.00053549e-10]
 [  3.02304479e-11   2.50000000e-01   7.50000000e-01  -2.50000000e-01
    2.50000000e-01   1.20583579e-11]
 [ -1.39451404e-10   2.50000000e-01  -2.50000000e-01   7.50000000e-01
    2.50000000e-01  -1.02775686e-10]
 [  3.17730321e-10  -2.50000000e-01   2.50000000e-01   2.50000000e-01
    7.50000000e-01   2.20125651e-10]
 [  1.16491536e-10  -5.33335055e-11  -1.98009551e-10  -2.82704330e-11
    2.31531003e-10   1.00000000e+00]] [[ 1.  0.  0.  0.  0.  0.]
 [ 0.  1.  0.  0.  0.  0.]
 [ 0.  0.  1.  0.  0.  0.]
 [ 0.  0.  0.  1.  0.  0.]
 [ 0.  0.  0.  0.  1.  0.]
 [ 0.  0.  0.  0.  0.  1.]]
