[[  1.16233028e+74   2.00754922e+74   4.97027366e+73   1.31547194e+74
   -1.95049907e+73  -1.08593081e+74]
 [  2.00754922e+74   3.97727733e+74   2.06112871e+74   3.06525201e+74
    1.14910339e+74  -6.26696752e+73]
 [  4.97027366e+73   2.06112871e+74   3.07566576e+74   2.42891428e+74
    3.44345133e+74   2.50257314e+74]
 [  1.31547194e+74   3.06525201e+74   2.42891428e+74   2.72806189e+74
    2.09172416e+74   7.13073268e+73]
 [ -1.95049907e+73   1.14910339e+74   3.44345133e+74   2.09172416e+74
    4.38607210e+74   3.84234316e+74]
 [ -1.08593081e+74  -6.26696752e+73   2.50257314e+74   7.13073268e+73
    3.84234316e+74   4.09233097e+74]]
====
[[  1.12455361e-69   1.51331438e-70  -4.58293993e-70  -9.74096649e-71
   -7.07035096e-70   1.28266074e-69]
 [  1.51331438e-70   2.67529759e-71  -6.38655478e-71  -1.40281268e-71
   -1.04646651e-70   1.84007870e-70]
 [ -4.58293993e-70  -6.38655479e-71   1.87984958e-70   3.96213195e-71
    2.91471825e-70  -5.26920647e-70]
 [ -9.74096646e-71  -1.40281268e-71   3.96213194e-71   8.90467801e-72
    6.25541242e-71  -1.12510667e-70]
 [ -7.07035096e-70  -1.04646651e-70   2.91471825e-70   6.25541244e-71
    4.58672600e-70  -8.23439185e-70]
 [  1.28266074e-69   1.84007870e-70  -5.26920648e-70  -1.12510667e-70
   -8.23439185e-70   1.48351385e-69]]
====
(array([  3.33287130e+58,   3.05673796e+68,   5.50788318e+70,
         1.31004541e+72,   7.03772035e+74,   1.23703637e+75]), array([[  8.52575716e-11,   5.84149941e-01,  -6.71756278e-01,
          2.17015530e-01,   3.92839319e-01,  -7.80633008e-02],
       [  5.00000000e-01,   8.23731570e-02,   5.00404153e-01,
          1.03015768e-01,   6.10566751e-01,  -3.30766294e-01],
       [ -5.00000000e-01,  -2.39446177e-01,   6.69495294e-02,
          6.63329809e-01,   5.10728279e-03,  -4.98147336e-01],
       [ -5.00000000e-01,  -5.10628799e-02,  -2.35270755e-02,
         -6.90807616e-01,   3.39194414e-01,  -3.93155244e-01],
       [  5.00000000e-01,  -3.72882215e-01,  -4.56981699e-01,
         -1.30493575e-01,  -2.66265054e-01,  -5.60536287e-01],
       [  9.96001433e-11,   6.73053099e-01,   2.90639209e-01,
         -8.96763060e-02,  -5.35639336e-01,  -4.09361743e-01]]))
====
5.2079234988e+15
====
[[  1.00000000e+00  -6.84937820e-12   4.36679688e-11   3.23822885e-12
    9.35328880e-11  -1.85395476e-10]
 [  1.61089499e-10   7.50000000e-01   2.50000000e-01   2.50000000e-01
   -2.50000000e-01   1.31601355e-10]
 [  2.04085538e-10   2.50000000e-01   7.50000000e-01  -2.50000000e-01
    2.50000000e-01   2.03246238e-10]
 [  1.12117360e-10   2.50000000e-01  -2.50000000e-01   7.50000000e-01
    2.50000000e-01   1.01568550e-10]
 [  1.52011661e-10  -2.50000000e-01   2.50000000e-01   2.50000000e-01
    7.50000000e-01   1.35964763e-10]
 [  2.36669976e-10   3.64353682e-11  -1.35907176e-10  -3.00064995e-11
   -8.99758732e-11   1.00000000e+00]] [[ 1.  0.  0.  0.  0.  0.]
 [ 0.  1.  0.  0.  0.  0.]
 [ 0.  0.  1.  0.  0.  0.]
 [ 0.  0.  0.  1.  0.  0.]
 [ 0.  0.  0.  0.  1.  0.]
 [ 0.  0.  0.  0.  0.  1.]]
