[[  3.23629733e+74   5.58422059e+74   1.37205476e+74   3.65753706e+74
   -5.54628769e+73  -3.03392116e+74]
 [  5.58422059e+74   1.10667579e+75   5.74149481e+74   8.53837963e+74
    3.21311650e+74  -1.73054157e+74]
 [  1.37205476e+74   5.74149481e+74   8.60978095e+74   6.78869695e+74
    9.65698309e+74   7.03469817e+74]
 [  3.65753706e+74   8.53837963e+74   6.78869695e+74   7.61478411e+74
    5.86510143e+74   2.02283176e+74]
 [ -5.54628769e+73   3.21311650e+74   9.65698309e+74   5.86510143e+74
    1.23089680e+75   1.07880715e+75]
 [ -3.03392116e+74  -1.73054157e+74   7.03469817e+74   2.02283176e+74
    1.07880715e+75   1.14779214e+75]]
====
[[  3.99945232e-70   5.41056644e-71  -1.63035930e-70  -3.47301788e-71
   -2.51871773e-70   4.56651235e-70]
 [  5.41056644e-71   9.61492103e-72  -2.28420963e-71  -5.02980974e-72
   -3.74868270e-71   6.58711275e-71]
 [ -1.63035930e-70  -2.28420963e-71   6.68947613e-71   1.41314270e-71
    1.03868284e-70  -1.87653820e-70]
 [ -3.47301787e-71  -5.02980973e-72   1.41314270e-71   3.18284040e-72
    2.23440771e-71  -4.01615484e-71]
 [ -2.51871773e-70  -3.74868270e-71   1.03868284e-70   2.23440771e-71
    1.63699188e-70  -2.93686495e-70]
 [  4.56651235e-70   6.58711276e-71  -1.87653820e-70  -4.01615485e-71
   -2.93686495e-70   5.28761726e-70]]
====
(array([  1.66858114e+58,   8.58136496e+68,   1.53607202e+71,
         3.67674358e+72,   1.96196169e+75,   3.46565807e+75]), array([[ -1.06764086e-10,   5.83672315e-01,  -6.72044025e-01,
          2.17351013e-01,   3.93343636e-01,  -7.56490519e-02],
       [  5.00000000e-01,   8.27582723e-02,   5.00478456e-01,
          1.03022697e-01,   6.12462684e-01,  -3.27029307e-01],
       [ -5.00000000e-01,  -2.39325382e-01,   6.74271138e-02,
          6.63464656e-01,   7.95588227e-03,  -4.97923990e-01],
       [ -5.00000000e-01,  -5.11542976e-02,  -2.37269710e-02,
         -6.90606870e-01,   3.41724837e-01,  -3.91288329e-01],
       [  5.00000000e-01,  -3.73237951e-01,  -4.56778314e-01,
         -1.30164911e-01,  -2.62781965e-01,  -5.62183012e-01],
       [ -1.22204422e-10,   6.73259035e-01,   2.90038500e-01,
         -8.98819151e-02,  -5.33176072e-01,  -4.12606905e-01]]))
====
2.02632587893e+16
====
[[  1.00000000e+00   1.20392430e-10  -1.72423930e-10  -1.11868927e-10
    3.16416305e-12   1.55425523e-10]
 [  5.18859721e-11   7.50000000e-01   2.50000000e-01   2.50000000e-01
   -2.50000000e-01   3.91166004e-11]
 [ -1.48039314e-10   2.50000000e-01   7.50000000e-01  -2.50000000e-01
    2.50000000e-01  -1.24134967e-10]
 [ -9.52301743e-11   2.50000000e-01  -2.50000000e-01   7.50000000e-01
    2.50000000e-01  -1.39506693e-10]
 [ -8.17203336e-11  -2.50000000e-01   2.50000000e-01   2.50000000e-01
    7.50000000e-01   4.70085640e-11]
 [ -1.34835433e-10   1.16950874e-10  -6.66757169e-11  -1.14455261e-10
    1.64259169e-10   1.00000000e+00]] [[ 1.  0.  0.  0.  0.  0.]
 [ 0.  1.  0.  0.  0.  0.]
 [ 0.  0.  1.  0.  0.  0.]
 [ 0.  0.  0.  1.  0.  0.]
 [ 0.  0.  0.  0.  1.  0.]
 [ 0.  0.  0.  0.  0.  1.]]
