[[  9.67248654e+74   1.68589827e+75   4.59968848e+74   1.13247029e+75
   -9.34591328e+73  -8.48204442e+74]
 [  1.68589827e+75   3.33660480e+75   1.71967742e+75   2.59979277e+75
    9.82865382e+74  -5.18300131e+74]
 [  4.59968848e+74   1.71967742e+75   2.35495509e+75   1.97820957e+75
    2.61348724e+75   1.82601067e+75]
 [  1.13247029e+75   2.59979277e+75   1.97820957e+75   2.31410953e+75
    1.69252634e+75   5.15789011e+74]
 [ -9.34591328e+73   9.82865382e+74   2.61348724e+75   1.69252634e+75
    3.32314819e+75   2.86009981e+75]
 [ -8.48204442e+74  -5.18300131e+74   1.82601067e+75   5.15789011e+74
    2.86009981e+75   3.07303617e+75]]
====
[[  1.44368575e-70   2.03300113e-71  -5.86801206e-71  -1.30155166e-71
   -9.20256485e-71   1.65978339e-70]
 [  2.03300113e-71   3.73143976e-72  -8.55642672e-72  -1.95929392e-72
   -1.42471604e-71   2.49138040e-71]
 [ -5.86801206e-71  -8.55642673e-72   2.40100132e-71   5.28263273e-72
    3.78490726e-71  -6.80196762e-71]
 [ -1.30155166e-71  -1.95929392e-72   5.28263272e-72   1.23424361e-72
    8.47617024e-72  -1.51578974e-71]
 [ -9.20256485e-71  -1.42471604e-71   3.78490726e-71   8.47617027e-72
    6.05724033e-71  -1.08091378e-70]
 [  1.65978339e-70   2.49138041e-71  -6.80196762e-71  -1.51578975e-71
   -1.08091378e-70   1.93578083e-70]]
====
(array([  1.23308269e+60,   2.35308147e+69,   4.12930072e+71,
         1.01939084e+73,   5.63928830e+75,   9.71920494e+75]), array([[  6.20173619e-11,   5.80611671e-01,  -6.74196087e-01,
          2.16723777e-01,   3.84096012e-01,  -1.17689348e-01],
       [  5.00000000e-01,   8.57015620e-02,   5.01449265e-01,
          1.05214981e-01,   5.70980570e-01,  -3.92574672e-01],
       [ -5.00000000e-01,  -2.37418252e-01,   6.89023127e-02,
          6.67917972e-01,  -4.73108322e-02,  -4.90440937e-01],
       [ -5.00000000e-01,  -5.28407892e-02,  -2.28368622e-02,
         -6.87402241e-01,   2.95130262e-01,  -4.32507359e-01],
       [  5.00000000e-01,  -3.75960604e-01,  -4.55383815e-01,
         -1.24699251e-01,  -3.23161140e-01,  -5.30373623e-01],
       [  6.89191237e-11,   6.74566067e-01,   2.85245160e-01,
         -8.81728422e-02,  -5.76782571e-01,  -3.50917705e-01]]))
====
4.00331053472e+15
====
[[  1.00000000e+00   5.91450375e-11  -8.48192421e-11  -5.15196178e-11
   -1.62318324e-11   9.17826857e-11]
 [ -7.50712531e-11   7.50000000e-01   2.50000000e-01   2.50000000e-01
   -2.50000000e-01  -1.42570041e-10]
 [ -3.38527098e-11   2.50000000e-01   7.50000000e-01  -2.50000000e-01
    2.50000000e-01  -5.37414252e-11]
 [ -4.20411172e-11   2.50000000e-01  -2.50000000e-01   7.50000000e-01
    2.50000000e-01  -1.33113455e-10]
 [ -9.02081467e-12  -2.50000000e-01   2.50000000e-01   2.50000000e-01
    7.50000000e-01  -5.11507691e-13]
 [ -2.76364134e-11   3.94088980e-11  -1.66187217e-11  -5.06605904e-11
    1.26048484e-10   1.00000000e+00]] [[ 1.  0.  0.  0.  0.  0.]
 [ 0.  1.  0.  0.  0.  0.]
 [ 0.  0.  1.  0.  0.  0.]
 [ 0.  0.  0.  1.  0.  0.]
 [ 0.  0.  0.  0.  1.  0.]
 [ 0.  0.  0.  0.  0.  1.]]
