[[  1.27515333e+75   2.22564745e+75   6.15250034e+74   1.49996605e+75
   -1.10431367e+74  -1.10785161e+75]
 [  2.22564745e+75   4.40457611e+75   2.26867927e+75   3.43673174e+75
    1.30083489e+75  -6.82616989e+74]
 [  6.15250034e+74   2.26867927e+75   3.06775109e+75   2.60045650e+75
    3.39952833e+75   2.36028555e+75]
 [  1.49996605e+75   3.43673174e+75   2.60045650e+75   3.05888057e+75
    2.22260533e+75   6.65885539e+74]
 [ -1.10431367e+74   1.30083489e+75   3.39952833e+75   2.22260533e+75
    4.32129876e+75   3.70878808e+75]
 [ -1.10785161e+75  -6.82616989e+74   2.36028555e+75   6.65885539e+74
    3.70878808e+75   3.99022355e+75]]
====
[[  1.11194301e-70   1.57695001e-71  -4.51755318e-71  -1.00884700e-71
   -7.10335019e-71   1.27998954e-70]
 [  1.57695002e-71   2.91463757e-72  -6.63546307e-72  -1.52934772e-72
   -1.10794483e-71   1.93550888e-71]
 [ -4.51755318e-71  -6.63546306e-72   1.84771285e-71   4.09315984e-72
    2.92057514e-71  -5.24361808e-71]
 [ -1.00884700e-71  -1.52934772e-72   4.09315985e-72   9.62293095e-73
    6.58480066e-72  -1.17647343e-71]
 [ -7.10335019e-71  -1.10794483e-71   2.92057514e-71   6.58480065e-72
    4.68700004e-71  -8.35560038e-71]
 [  1.27998954e-70   1.93550888e-71  -5.24361808e-71  -1.17647343e-71
   -8.35560038e-71   1.49492075e-70]]
====
(array([  6.96365973e+58,   3.04925585e+69,   5.30296766e+71,
         1.32244003e+73,   7.38428980e+75,   1.27198359e+76]), array([[ -6.91229665e-11,   5.80026871e-01,  -6.74737767e-01,
          2.16282323e-01,   3.82399165e-01,  -1.23655206e-01],
       [  5.00000000e-01,   8.62470438e-02,   5.01502877e-01,
          1.05674219e-01,   5.64432146e-01,  -4.01628714e-01],
       [ -5.00000000e-01,  -2.37088728e-01,   6.88879225e-02,
          6.68623798e-01,  -5.50695169e-02,  -4.88828144e-01],
       [ -5.00000000e-01,  -5.31271193e-02,  -2.24317460e-02,
         -6.86961486e-01,   2.87898697e-01,  -4.38032627e-01],
       [  5.00000000e-01,  -3.76462890e-01,  -4.55046700e-01,
         -1.24011907e-01,  -3.31602966e-01,  -5.25232056e-01],
       [ -8.05893155e-11,   6.74812872e-01,   2.84442581e-01,
         -8.77615860e-02,  -5.82501839e-01,  -3.41627746e-01]]))
====
1.41606537747e+16
====
[[  1.00000000e+00   2.62529663e-11  -2.69281638e-11  -2.47244029e-11
    1.60268172e-11   1.77668286e-11]
 [ -3.06055157e-11   7.50000000e-01   2.50000000e-01   2.50000000e-01
   -2.50000000e-01   2.44321067e-12]
 [  1.36718632e-12   2.50000000e-01   7.50000000e-01  -2.50000000e-01
    2.50000000e-01  -5.24618060e-11]
 [ -6.03753856e-11   2.50000000e-01  -2.50000000e-01   7.50000000e-01
    2.50000000e-01  -2.60569715e-11]
 [ -1.72438002e-11  -2.50000000e-01   2.50000000e-01   2.50000000e-01
    7.50000000e-01  -7.27817975e-12]
 [  1.26761425e-10   4.21080826e-11  -4.03006136e-11  -3.53102965e-11
    4.91616204e-12   1.00000000e+00]] [[ 1.  0.  0.  0.  0.  0.]
 [ 0.  1.  0.  0.  0.  0.]
 [ 0.  0.  1.  0.  0.  0.]
 [ 0.  0.  0.  1.  0.  0.]
 [ 0.  0.  0.  0.  1.  0.]
 [ 0.  0.  0.  0.  0.  1.]]
