[[  2.13961861e+75   3.73055314e+75   1.02792268e+75   2.51577718e+75
   -1.86853277e+74  -1.86093953e+75]
 [  3.73055314e+75   7.37245739e+75   3.77831118e+75   5.75577772e+75
    2.16163152e+75  -1.16232889e+75]
 [  1.02792268e+75   3.77831118e+75   5.07921986e+75   4.33414379e+75
    5.63505246e+75   3.90296703e+75]
 [  2.51577718e+75   5.75577772e+75   4.33414379e+75   5.12717779e+75
    3.70554386e+75   1.09559259e+75]
 [ -1.86853277e+74   2.16163152e+75   5.63505246e+75   3.70554386e+75
    7.17896481e+75   6.16088852e+75]
 [ -1.86093953e+75  -1.16232889e+75   3.90296703e+75   1.09559259e+75
    6.16088852e+75   6.64269822e+75]]
====
[[  6.74204567e-71   9.68803678e-72  -2.73796041e-71  -6.18066666e-72
   -4.32483075e-71   7.78008042e-71]
 [  9.68803679e-72   1.81015978e-72  -4.07485111e-72  -9.49064266e-73
   -6.83407516e-72   1.19199490e-71]
 [ -2.73796041e-71  -4.07485111e-72   1.11942339e-71   2.50698116e-72
    1.77760662e-71  -3.18608216e-71]
 [ -6.18066666e-72  -9.49064266e-73   2.50698116e-72   5.95206235e-73
    4.05125166e-72  -7.22613738e-72]
 [ -4.32483075e-71  -6.83407516e-72   1.77760662e-71   4.05125166e-72
    2.86613930e-71  -5.10069080e-71]
 [  7.78008042e-71   1.19199490e-71  -3.18608216e-71  -7.22613738e-72
   -5.10069080e-71   9.11007825e-71]]
====
(array([  1.04253833e+60,   5.01052419e+69,   8.64757007e+71,
         2.18374011e+73,   1.23570952e+76,   2.11603343e+76]), array([[ -1.01200744e-10,   5.78926774e-01,  -6.75625905e-01,
          2.15978495e-01,   3.81908398e-01,  -1.25986875e-01],
       [  5.00000000e-01,   8.72310754e-02,   5.01603934e-01,
          1.06009363e-01,   5.61485791e-01,  -4.05314636e-01],
       [ -5.00000000e-01,  -2.36554911e-01,   6.93239615e-02,
          6.69518213e-01,  -5.81999998e-02,  -4.87436237e-01],
       [ -5.00000000e-01,  -5.35841871e-02,  -2.21978969e-02,
         -6.86379128e-01,   2.84632285e-01,  -4.41026238e-01],
       [  5.00000000e-01,  -3.77370173e-01,  -4.54477869e-01,
         -1.22870279e-01,  -3.35053506e-01,  -5.23147839e-01],
       [ -1.21476640e-10,   6.75275345e-01,   2.82974273e-01,
         -8.74485782e-02,  -5.84992352e-01,  -3.37735790e-01]]))
====
1.04860614722e+17
====
[[  1.00000000e+00   2.95966932e-11  -1.98983974e-11  -3.35527891e-11
    7.61632345e-11  -4.28506276e-11]
 [  6.25760905e-11   7.50000000e-01   2.50000000e-01   2.50000000e-01
   -2.50000000e-01   4.27066551e-11]
 [ -5.11184323e-11   2.50000000e-01   7.50000000e-01  -2.50000000e-01
    2.50000000e-01  -9.14025138e-11]
 [ -3.88780735e-11   2.50000000e-01  -2.50000000e-01   7.50000000e-01
    2.50000000e-01  -1.12647390e-10]
 [  1.11453892e-10  -2.50000000e-01   2.50000000e-01   2.50000000e-01
    7.50000000e-01   6.56404738e-11]
 [  1.16242347e-11   4.93145352e-11  -3.94671436e-11  -4.71720912e-11
   -9.88724333e-12   1.00000000e+00]] [[ 1.  0.  0.  0.  0.  0.]
 [ 0.  1.  0.  0.  0.  0.]
 [ 0.  0.  1.  0.  0.  0.]
 [ 0.  0.  0.  1.  0.  0.]
 [ 0.  0.  0.  0.  1.  0.]
 [ 0.  0.  0.  0.  0.  1.]]
