[[ 13.62311558  23.28301891   4.67735093  14.82051855  -3.78514944
  -13.98086737]
 [ 23.28301891  47.57318963  27.7491494   37.11796387  17.29392363
   -3.73844659]
 [  4.67735093  27.7491494   52.5092398   34.88045865  59.64054906
   46.97309204]
 [ 14.82051855  37.11796387  34.88045865  34.06621714  31.82871192
   15.25216053]
 [ -3.78514944  17.29392363  59.64054906  31.82871192  74.17533735
   65.96369916]
 [-13.98086737  -3.73844659  46.97309204  15.25216053  65.96369916
   67.06312378]]
====
(array([  9.56496166e-14,   7.01876178e-05,   7.41704220e-03,
         2.99145431e-01,   8.62420111e+01,   2.02461579e+02]), array([[  6.63720088e-10,   5.78042896e-01,  -6.66898178e-01,
          2.52498286e-01,   3.96359535e-01,  -1.60300884e-02],
       [  5.00000000e-01,   8.43641128e-02,   5.01371646e-01,
          8.10734845e-02,   6.59911073e-01,  -2.22381734e-01],
       [ -5.00000000e-01,  -2.45267503e-01,   9.61549901e-02,
          6.46121714e-01,   8.74299008e-02,  -5.05451099e-01],
       [ -5.00000000e-01,  -4.48431186e-02,  -5.35814490e-02,
         -6.95132802e-01,   4.05444321e-01,  -3.12287390e-01],
       [  5.00000000e-01,  -3.74474737e-01,  -4.58798105e-01,
         -1.30084573e-01,  -1.67036851e-01,  -5.95356755e-01],
       [  7.82015616e-10,   6.75537360e-01,   2.85062866e-01,
         -1.09849117e-01,  -4.55506422e-01,  -4.92783430e-01]]))
====
5.62586871447e+15
====
False
