[[  3.39253156   5.79810858   1.16478096   3.69071002  -0.9426176
   -3.48163064]
 [  5.79810858  11.84764486   6.91212874   9.24425522   4.3087391
   -0.92917324]
 [  1.16478096   6.91212874  13.08165655   8.68876341  14.85829122
   11.70293085]
 [  3.69071002   9.24425522   8.68876341   8.48463962   7.92914781
    3.80074611]
 [ -0.9426176    4.3087391   14.85829122   7.92914781  18.47869994
   16.4328502 ]
 [ -3.48163064  -0.92917324  11.70293085   3.80074611  16.4328502
   16.70583354]]
====
(array([ -7.96747651e-15,   1.74936836e-05,   1.84707599e-03,
         7.45361602e-02,   2.14767283e+01,   5.04378770e+01]), array([[  4.03862198e-11,   5.78041794e-01,  -6.66897147e-01,
          2.52504278e-01,   3.96359659e-01,  -1.60153424e-02],
       [  5.00000000e-01,   8.43620747e-02,   5.01371766e-01,
          8.10728766e-02,   6.59921645e-01,  -2.22351082e-01],
       [ -5.00000000e-01,  -2.45274670e-01,   9.61535496e-02,
          6.46110601e-01,   8.74528003e-02,  -5.05458138e-01],
       [ -5.00000000e-01,  -4.48357871e-02,  -5.35806576e-02,
         -6.95137747e-01,   4.05461418e-01,  -3.12255371e-01],
       [  5.00000000e-01,  -3.74472532e-01,  -4.58798874e-01,
         -1.30100022e-01,  -1.67007427e-01,  -5.95362428e-01],
       [  4.70395149e-11,   6.75537665e-01,   2.85064466e-01,
         -1.09851565e-01,  -4.55482172e-01,  -4.92803955e-01]]))
====
8.12005605449e+15
====
False
