[[  6.81571009  11.64860369   2.34009751   7.41477301  -1.89373317
   -6.9946989 ]
 [ 11.64860369  23.80152175  13.88430362  18.57089595   8.65367783
   -1.86910858]
 [  2.34009751  13.88430362  26.27437933  17.45264596  29.84272166
   23.50456505]
 [  7.41477301  18.57089595  17.45264596  17.04433744  15.92608745
    7.6324912 ]
 [ -1.89373317   8.65367783  29.84272166  15.92608745  37.11513128
   33.00616483]
 [ -6.9946989   -1.86910858  23.50456505   7.6324912   33.00616483
   33.55565296]]
====
(array([  3.87287858e-14,   3.51256321e-05,   3.71079507e-03,
         1.49692071e-01,   4.31473550e+01,   1.01305940e+02]), array([[  1.70995482e-10,   5.78042501e-01,  -6.66897879e-01,
          2.52500255e-01,   3.96359564e-01,  -1.60250751e-02],
       [  5.00000000e-01,   8.43634206e-02,   5.01371668e-01,
          8.10733716e-02,   6.59914682e-01,  -2.22371277e-01],
       [ -5.00000000e-01,  -2.45269975e-01,   9.61543935e-02,
          6.46117895e-01,   8.74376950e-02,  -5.05453546e-01],
       [ -5.00000000e-01,  -4.48405896e-02,  -5.35810638e-02,
         -6.95134508e-01,   4.05450180e-01,  -3.12276413e-01],
       [  5.00000000e-01,  -3.74473986e-01,  -4.58798338e-01,
         -1.30089985e-01,  -1.67026808e-01,  -5.95358682e-01],
       [  1.98809905e-10,   6.75537471e-01,   2.85063426e-01,
         -1.09849928e-01,  -4.55498140e-01,  -4.92790428e-01]]))
====
5.38691518058e+15
====
False
