[[ 10.23994541  17.50090523   3.51577735  11.1399861   -2.84514177
  -10.50885123]
 [ 17.50090523  35.75906182  20.85854907  27.90037756  12.99986482
   -2.80941502]
 [  3.51577735  20.85854907  39.47093198  26.21911882  44.83150172
   35.30960281]
 [ 11.1399861   27.90037756  26.21911882  25.60662347  23.92536473
   11.46530521]
 [ -2.84514177  12.99986482  44.83150172  23.92536473  55.75700163
   49.58432305]
 [-10.50885123  -2.80941502  35.30960281  11.46530521  49.58432305
   50.41043742]]
====
(array([  8.18581314e-14,   5.27623396e-05,   5.57508805e-03,
         2.24869342e-01,   6.48246677e+01,   1.52188837e+02]), array([[  3.93534591e-10,   5.78042752e-01,  -6.66898139e-01,
          2.52498829e-01,   3.96359530e-01,  -1.60285243e-02],
       [  5.00000000e-01,   8.43638975e-02,   5.01371633e-01,
          8.10735467e-02,   6.59912215e-01,  -2.22378433e-01],
       [ -5.00000000e-01,  -2.45268311e-01,   9.61546927e-02,
          6.46120479e-01,   8.74323423e-02,  -5.05451919e-01],
       [ -5.00000000e-01,  -4.48422916e-02,  -5.35812080e-02,
         -6.95133361e-01,   4.05446197e-01,  -3.12283869e-01],
       [  5.00000000e-01,  -3.74474501e-01,  -4.58798148e-01,
         -1.30086429e-01,  -1.67033675e-01,  -5.95357355e-01],
       [  4.64904769e-10,   6.75537403e-01,   2.85063057e-01,
         -1.09849348e-01,  -4.55503798e-01,  -4.92785634e-01]]))
====
5.38691518058e+15
====
False
