[[  97.99406782  167.47972302   33.64497062  106.60702244  -27.22772995
  -100.56771551]
 [ 167.47972302  342.22199377  199.65845582  267.02247502  124.45893708
   -26.83938632]
 [  33.64497062  199.65845582  377.86671011  250.97696418  429.18521846
   338.04189582]
 [ 106.60702244  267.02247502  250.97696418  245.08080066  229.03528982
   109.78544081]
 [ -27.22772995  124.45893708  429.18521846  229.03528982  533.76157121
   474.66672295]
 [-100.56771551  -26.83938632  338.04189582  109.78544081  474.66672295
   482.55191053]]
====
(array([ -3.50761087e-13,   5.05309142e-04,   5.33532220e-02,
         2.15299443e+00,   6.20360322e+02,   1.45690988e+03]), array([[ -1.65753786e-10,   5.78041794e-01,  -6.66897147e-01,
          2.52504278e-01,   3.96359659e-01,  -1.60153424e-02],
       [  5.00000000e-01,   8.43620749e-02,   5.01371766e-01,
          8.10728766e-02,   6.59921645e-01,  -2.22351082e-01],
       [ -5.00000000e-01,  -2.45274670e-01,   9.61535496e-02,
          6.46110601e-01,   8.74528003e-02,  -5.05458138e-01],
       [ -5.00000000e-01,  -4.48357873e-02,  -5.35806576e-02,
         -6.95137747e-01,   4.05461418e-01,  -3.12255371e-01],
       [  5.00000000e-01,  -3.74472532e-01,  -4.58798874e-01,
         -1.30100022e-01,  -1.67007427e-01,  -5.95362428e-01],
       [ -1.93587505e-10,   6.75537665e-01,   2.85064466e-01,
         -1.09851565e-01,  -4.55482172e-01,  -4.92803955e-01]]))
====
1.78033526885e+16
====
False
