[[  4.31308817e-02  -1.34440290e-03  -1.99654193e-01  -6.30237245e-02
   -2.61333515e-01  -2.58327598e-01]
 [ -1.34440290e-03   8.04364453e-02   2.41828520e-01   1.14948338e-01
    2.76340413e-01   2.40234283e-01]
 [ -1.99654193e-01   2.41828520e-01   1.61467891e+00   6.22848258e-01
    1.99569865e+00   1.87624665e+00]
 [ -6.30237245e-02   1.14948338e-01   6.22848258e-01   2.50876441e-01
    7.58776361e-01   7.03772940e-01]
 [ -2.61333515e-01   2.76340413e-01   1.99569865e+00   7.58776361e-01
    2.47813460e+00   2.33978531e+00]
 [ -2.58327598e-01   2.40234283e-01   1.87624665e+00   7.03772940e-01
    2.33978531e+00   2.21777731e+00]]
====
(array([  5.46921304e-16,   4.99500450e-14,   5.66398447e-11,
         3.37922544e-06,   9.93714333e-02,   6.58565977e+00]), array([[  9.52559491e-04,  -8.74246876e-01,   1.62321716e-01,
          2.11931875e-01,   4.00371808e-01,  -6.42685662e-02],
       [  4.99576337e-01,   3.93603443e-01,   3.01335355e-01,
          8.57272300e-02,   7.01830568e-01,   6.91484837e-02],
       [ -5.00192324e-01,   1.73735011e-01,  -2.40756946e-01,
          5.99781938e-01,   2.40020685e-01,   4.94278844e-01],
       [ -5.00002727e-01,   2.42774443e-03,   1.58922900e-02,
         -7.34072902e-01,   4.18842177e-01,   1.88273789e-01],
       [  5.00227430e-01,  -2.15266397e-01,  -5.26226203e-01,
         -2.20018194e-01,  -4.29677055e-02,   6.13404149e-01],
       [  8.04761977e-05,  -6.51103678e-02,   7.40079844e-01,
         -2.69502843e-02,  -3.35039322e-01,   5.78847815e-01]]))
====
1.81677495319e+16
====
False
