sim =  True
[[  2.42940640e+75   4.23742948e+75   1.17151665e+75   2.86026170e+75
   -2.05651129e+74  -2.10773794e+75]
 [  4.23742948e+75   8.37668517e+75   4.29665862e+75   6.54456726e+75
    2.46454071e+75  -1.31318445e+75]
 [  1.17151665e+75   4.29665862e+75   5.76262512e+75   4.92683203e+75
    6.39279853e+75   4.42277641e+75]
 [  2.86026170e+75   6.54456726e+75   4.92683203e+75   5.83268713e+75
    4.21495189e+75   1.24663028e+75]
 [ -2.05651129e+74   2.46454071e+75   6.39279853e+75   4.21495189e+75
    8.14320971e+75   6.98259114e+75]
 [ -2.10773794e+75  -1.31318445e+75   4.42277641e+75   1.24663028e+75
    6.98259114e+75   7.52705243e+75]]
====
[[  5.94745691e-71   8.56789332e-72  -2.41527360e-71  -5.46137913e-72
   -3.81820084e-71   6.86653720e-71]
 [  8.56789334e-72   1.60444696e-72  -3.60365719e-72  -8.40849970e-73
   -6.04895411e-72   1.05472337e-71]
 [ -2.41527360e-71  -3.60365719e-72   9.87495472e-72   2.21529931e-72
    1.56939112e-71  -2.81199643e-71]
 [ -5.46137914e-72  -8.40849970e-73   2.21529931e-72   5.26805697e-73
    3.58295497e-72  -6.38871094e-72]
 [ -3.81820084e-71  -6.04895410e-72   1.56939112e-71   3.58295496e-72
    2.53258202e-71  -4.50559088e-71]
 [  6.86653720e-71   1.05472337e-71  -2.81199643e-71  -6.38871093e-72
   -4.50559088e-71   8.04457978e-71]]
====
(array([ -2.38461210e+60,   5.67572418e+69,   9.77626311e+71,
         2.47371708e+73,   1.40105767e+76,   2.40353688e+76]), array([[ -1.16244352e-10,   5.78705023e-01,  -6.75736894e-01,
          2.16153519e-01,   3.81640562e-01,  -1.26918417e-01],
       [  5.00000000e-01,   8.74221975e-02,   5.01652823e-01,
          1.05951485e-01,   5.60396054e-01,  -4.06733758e-01],
       [ -5.00000000e-01,  -2.36466549e-01,   6.96154000e-02,
          6.69678526e-01,  -5.94410757e-02,  -4.87067447e-01],
       [ -5.00000000e-01,  -5.36560601e-02,  -2.23617268e-02,
         -6.86238826e-01,   2.83452984e-01,  -4.41986041e-01],
       [  5.00000000e-01,  -3.77544806e-01,  -4.54399150e-01,
         -1.22511785e-01,  -3.36384146e-01,  -5.22319730e-01],
       [ -1.35449631e-10,   6.75368325e-01,   2.82664389e-01,
         -8.74628358e-02,  -5.85895567e-01,  -3.36236682e-01]]))
====
4.54444941177e+15
====
[[  1.00000000e+00   1.14843540e-10  -1.34810308e-10  -1.06565699e-10
    2.67279317e-11   9.24143851e-11]
 [  2.21658471e-10   7.50000000e-01   2.50000000e-01   2.50000000e-01
   -2.50000000e-01   2.51045422e-10]
 [ -5.99114739e-11   2.50000000e-01   7.50000000e-01  -2.50000000e-01
    2.50000000e-01  -1.50582291e-10]
 [ -5.18116359e-11   2.50000000e-01  -2.50000000e-01   7.50000000e-01
    2.50000000e-01  -1.09281095e-10]
 [  1.28734050e-10  -2.50000000e-01   2.50000000e-01   2.50000000e-01
    7.50000000e-01   9.66135449e-11]
 [ -6.07434133e-11   9.74267073e-11  -5.88345193e-11  -1.06412162e-10
    1.59604211e-10   1.00000000e+00]] [[ 1.  0.  0.  0.  0.  0.]
 [ 0.  1.  0.  0.  0.  0.]
 [ 0.  0.  1.  0.  0.  0.]
 [ 0.  0.  0.  1.  0.  0.]
 [ 0.  0.  0.  0.  1.  0.]
 [ 0.  0.  0.  0.  0.  1.]]
