[[  27.63829097   67.96700434   80.82571809   53.63090978   66.48962353
    39.03651351]
 [  67.96700434  179.24508943  235.09834785  148.53361671  204.38687513
   131.61185045]
 [  80.82571809  235.09834785  345.75877478  206.69931282  317.35973976
   221.3383325 ]
 [  53.63090978  148.53361671  206.69931282  127.00550846  185.17120457
   124.63721948]
 [  66.48962353  204.38687513  317.35973976  185.17120457  298.1440692
   214.36370153]
 [  39.03651351  131.61185045  221.3383325   124.63721948  214.36370153
   160.1545805 ]]
====
(array([ -2.56836275e-13,   1.28047171e-06,   1.02934365e-04,
         1.60307447e-01,   5.65199312e+01,   1.08126597e+03]), array([[  1.01726625e-07,  -6.93797276e-01,  -5.43061645e-01,
          2.20540274e-01,   3.97222007e-01,  -1.31552476e-01],
       [  4.99999929e-01,   4.88366163e-01,  -7.31370353e-02,
          5.23966331e-02,   5.96869541e-01,  -3.83602503e-01],
       [ -5.00000005e-01,   3.63994815e-02,   3.31947376e-01,
          5.64352176e-01,   1.68062306e-02,  -5.65429203e-01],
       [ -5.00000002e-01,   1.34815598e-02,  -5.92950011e-02,
         -7.54870177e-01,   2.49714608e-01,  -3.37810567e-01],
       [  5.00000064e-01,  -4.38484829e-01,   3.45789410e-01,
         -2.42914634e-01,  -3.30348702e-01,  -5.19637268e-01],
       [ -4.28771073e-08,   2.93884689e-01,  -6.82978587e-01,
          3.58705910e-02,  -5.60527723e-01,  -3.62896696e-01]]))
====
6.12592565463e+16
====
False
