sim =  True
[[  2.85582469e+75   4.97436569e+75   1.35846150e+75   3.34758938e+75
   -2.68314816e+74  -2.49937843e+75]
 [  4.97436569e+75   9.81620119e+75   5.00405076e+75   7.64710597e+75
    2.83495554e+75  -1.58865250e+75]
 [  1.35846150e+75   5.00405076e+75   6.74262009e+75   5.74201842e+75
    7.48058775e+75   5.18700512e+75]
 [  3.34758938e+75   7.64710597e+75   5.74201842e+75   6.79970898e+75
    4.89462143e+75   1.42850686e+75]
 [ -2.68314816e+74   2.83495554e+75   7.48058775e+75   4.89462143e+75
    9.54025363e+75   8.20416448e+75]
 [ -2.49937843e+75  -1.58865250e+75   5.18700512e+75   1.42850686e+75
    8.20416448e+75   8.86320566e+75]]
====
[[  5.05510104e-71   7.21277722e-72  -2.05311810e-71  -4.61005544e-72
   -3.23540136e-71   5.82546775e-71]
 [  7.21277722e-72   1.34195069e-72  -3.03463487e-72  -7.03400720e-73
   -5.07998627e-72   8.86607830e-72]
 [ -2.05311810e-71  -3.03463487e-72   8.39527927e-72   1.86995004e-72
    1.32998642e-71  -2.38590918e-71]
 [ -4.61005544e-72  -7.03400720e-73   1.86995004e-72   4.41993385e-73
    3.01534414e-72  -5.38280894e-72]
 [ -3.23540137e-71  -5.07998627e-72   1.32998642e-71   3.01534414e-72
    2.13951945e-71  -3.81079790e-71]
 [  5.82546775e-71   8.86607830e-72  -2.38590918e-71  -5.38280894e-72
   -3.81079790e-71   6.81217793e-71]]
====
(array([ -5.37820115e+60,   6.69590469e+69,   1.15276694e+72,
         2.88881080e+73,   1.65310021e+76,   2.80567646e+76]), array([[ -9.20886493e-11,   5.79505599e-01,  -6.75073982e-01,
          2.16299021e-01,   3.81990118e-01,  -1.25485708e-01],
       [  5.00000000e-01,   8.67250221e-02,   5.01623869e-01,
          1.05751713e-01,   5.62156273e-01,  -4.04535740e-01],
       [ -5.00000000e-01,  -2.36816867e-01,   6.92874760e-02,
          6.69253802e-01,  -5.74762724e-02,  -4.87763102e-01],
       [ -5.00000000e-01,  -5.33598664e-02,  -2.24962657e-02,
         -6.86544034e-01,   2.85283797e-01,  -4.40360179e-01],
       [  5.00000000e-01,  -3.76901755e-01,  -4.54832659e-01,
         -1.23041945e-01,  -3.34348749e-01,  -5.23587542e-01],
       [ -1.08341602e-10,   6.75031551e-01,   2.83670636e-01,
         -8.74564273e-02,  -5.84452241e-01,  -3.38571007e-01]]))
====
1.33991029514e+17
====
[[  1.00000000e+00   1.18844813e-10  -1.83527905e-10  -1.11144681e-10
   -6.33186895e-11   2.60876810e-10]
 [  4.03388915e-11   7.50000000e-01   2.50000000e-01   2.50000000e-01
   -2.50000000e-01   1.02000883e-10]
 [ -1.63129805e-10   2.50000000e-01   7.50000000e-01  -2.50000000e-01
    2.50000000e-01  -1.79712932e-10]
 [ -1.38948055e-10   2.50000000e-01  -2.50000000e-01   7.50000000e-01
    2.50000000e-01  -1.32140446e-10]
 [ -5.78324453e-11  -2.50000000e-01   2.50000000e-01   2.50000000e-01
    7.50000000e-01   3.33566877e-11]
 [ -1.82720243e-10   6.87898102e-11  -2.64849328e-11  -8.79240607e-11
    2.40764648e-10   1.00000000e+00]] [[ 1.  0.  0.  0.  0.  0.]
 [ 0.  1.  0.  0.  0.  0.]
 [ 0.  0.  1.  0.  0.  0.]
 [ 0.  0.  0.  1.  0.  0.]
 [ 0.  0.  0.  0.  1.  0.]
 [ 0.  0.  0.  0.  0.  1.]]
