sim =  True
[[  3.33200014e+75   5.80039712e+75   1.57417905e+75   3.89651645e+75
   -3.29701613e+74  -2.92950074e+75]
 [  5.80039712e+75   1.14386201e+76   5.81714802e+75   8.89660146e+75
    3.27512941e+75  -1.87645514e+75]
 [  1.57417905e+75   5.81714802e+75   7.86599100e+75   6.67762056e+75
    8.72646353e+75   6.06102455e+75]
 [  3.89651645e+75   8.89660146e+75   6.67762056e+75   7.90071805e+75
    5.68173714e+75   1.65144281e+75]
 [ -3.29701613e+74   3.27512941e+75   8.72646353e+75   5.68173714e+75
    1.11330713e+76   9.58892249e+75]
 [ -2.92950074e+75  -1.87645514e+75   6.06102455e+75   1.65144281e+75
    9.58892249e+75   1.03668363e+76]]
====
[[  4.33414812e-71   6.13315566e-72  -1.76030168e-71  -3.93061526e-72
   -2.76667877e-71   4.98662914e-71]
 [  6.13315567e-72   1.13413351e-72  -2.58061974e-72  -5.95001301e-73
   -4.30975455e-72   7.52832834e-72]
 [ -1.76030168e-71  -2.58061974e-72   7.19783966e-72   1.59419916e-72
    1.13726586e-71  -2.04229155e-71]
 [ -3.93061526e-72  -5.95001302e-73   1.59419916e-72   3.74960217e-73
    2.56416068e-72  -4.58196464e-72]
 [ -2.76667877e-71  -4.30975455e-72   1.13726586e-71   2.56416068e-72
    1.82465738e-71  -3.25332084e-71]
 [  4.98662914e-71   7.52832833e-72  -2.04229155e-71  -4.58196463e-72
   -3.25332084e-71   5.82164076e-71]]
====
(array([ -9.55590660e+59,   7.82834316e+69,   1.35026349e+72,
         3.35948175e+73,   1.93351739e+76,   3.26671100e+76]), array([[ -1.75288898e-10,   5.80209847e-01,  -6.74487886e-01,
          2.16425999e-01,   3.82311230e-01,  -1.24179450e-01],
       [  5.00000000e-01,   8.61214468e-02,   5.01602917e-01,
          1.05566828e-01,   5.63735568e-01,  -4.02536290e-01],
       [ -5.00000000e-01,  -2.37097498e-01,   6.90185272e-02,
          6.68897052e-01,  -5.56944165e-02,  -4.88360611e-01],
       [ -5.00000000e-01,  -5.31258212e-02,  -2.26314147e-02,
         -6.86800452e-01,   2.86932818e-01,  -4.38907922e-01],
       [  5.00000000e-01,  -3.76344765e-01,  -4.55215804e-01,
         -1.23470228e-01,  -3.32497166e-01,  -5.24732243e-01],
       [ -2.04629344e-10,   6.74734519e-01,   2.84540751e-01,
         -8.74780477e-02,  -5.83141199e-01,  -3.40681411e-01]]))
====
1.0393142338e+16
====
[[  1.00000000e+00  -1.11469201e-11   6.88470340e-11  -5.39210229e-12
    1.77820259e-10  -2.91082934e-10]
 [ -5.43058295e-11   7.50000000e-01   2.50000000e-01   2.50000000e-01
   -2.50000000e-01  -8.47027998e-11]
 [ -6.49146136e-11   2.50000000e-01   7.50000000e-01  -2.50000000e-01
    2.50000000e-01  -5.30220114e-11]
 [ -1.48553909e-10   2.50000000e-01  -2.50000000e-01   7.50000000e-01
    2.50000000e-01  -1.75323118e-10]
 [  5.78037079e-11  -2.50000000e-01   2.50000000e-01   2.50000000e-01
    7.50000000e-01   1.87424944e-10]
 [  4.94836001e-11   5.04900590e-11  -5.49785224e-11  -3.39724919e-11
   -3.08033039e-11   1.00000000e+00]] [[ 1.  0.  0.  0.  0.  0.]
 [ 0.  1.  0.  0.  0.  0.]
 [ 0.  0.  1.  0.  0.  0.]
 [ 0.  0.  0.  1.  0.  0.]
 [ 0.  0.  0.  0.  1.  0.]
 [ 0.  0.  0.  0.  0.  1.]]
