sim =  True
[[  3.76664801e+75   6.55841421e+75   1.78123300e+75   4.40524613e+75
   -3.71935083e+74  -3.31079584e+75]
 [  6.55841421e+75   1.29331362e+76   6.57613148e+75   1.00550544e+76
    3.69804967e+75  -2.12533327e+75]
 [  1.78123300e+75   6.57613148e+75   8.89004978e+75   7.54400968e+75
    9.85792798e+75   6.84518186e+75]
 [  4.40524613e+75   1.00550544e+76   7.54400968e+75   8.92418132e+75
    6.41313659e+75   1.85900075e+75]
 [ -3.71935083e+74   3.69804967e+75   9.85792798e+75   6.41313659e+75
    1.25730149e+76   1.08295159e+76]
 [ -3.31079584e+75  -2.12533327e+75   6.84518186e+75   1.85900075e+75
    1.08295159e+76   1.17103097e+76]]
====
[[  3.85598645e-71   5.43582374e-72  -1.56587756e-71  -3.48962804e-72
   -2.45842274e-71   4.43307185e-71]
 [  5.43582374e-72   1.00256682e-72  -2.28701128e-72  -5.26369756e-73
   -3.81594785e-72   6.66814891e-72]
 [ -1.56587756e-71  -2.28701128e-72   6.40191902e-72   1.41509113e-72
    1.01040214e-71  -1.81530883e-71]
 [ -3.48962804e-72  -5.26369756e-73   1.41509113e-72   3.32275744e-73
    2.27373662e-72  -4.06478412e-72]
 [ -2.45842274e-71  -3.81594785e-72   1.01040214e-71   2.27373662e-72
    1.61937059e-71  -2.88860213e-71]
 [  4.43307185e-71   6.66814891e-72  -1.81530883e-71  -4.06478411e-72
   -2.88860213e-71   5.17135981e-71]]
====
(array([ -2.88099354e+60,   8.80908091e+69,   1.51950229e+72,
         3.76986608e+73,   2.18568318e+76,   3.69012811e+76]), array([[ -1.91612599e-10,   5.80543564e-01,  -6.74195015e-01,
          2.16518161e-01,   3.82162991e-01,  -1.24505369e-01],
       [  5.00000000e-01,   8.58501273e-02,   5.01609524e-01,
          1.05454599e-01,   5.63463463e-01,  -4.02996147e-01],
       [ -5.00000000e-01,  -2.37198013e-01,   6.89471129e-02,
          6.68763324e-01,  -5.60702356e-02,  -4.88462019e-01],
       [ -5.00000000e-01,  -5.30444577e-02,  -2.27446154e-02,
         -6.86893496e-01,   2.86604924e-01,  -4.38980536e-01],
       [  5.00000000e-01,  -3.76092598e-01,  -4.55407027e-01,
         -1.23584772e-01,  -3.32928774e-01,  -5.24446407e-01],
       [ -2.22605938e-10,   6.74593709e-01,   2.84925227e-01,
         -8.75154834e-02,  -5.83380281e-01,  -3.40219679e-01]]))
====
3.67578312683e+15
====
[[  1.00000000e+00   8.66759829e-11  -1.51259786e-10  -7.97320065e-11
   -6.21035279e-11   2.13890694e-10]
 [  9.72650640e-11   7.50000000e-01   2.50000000e-01   2.50000000e-01
   -2.50000000e-01   5.16667609e-11]
 [  5.04285242e-12   2.50000000e-01   7.50000000e-01  -2.50000000e-01
    2.50000000e-01  -6.71622718e-11]
 [ -1.96990882e-11   2.50000000e-01  -2.50000000e-01   7.50000000e-01
    2.50000000e-01  -4.19173914e-11]
 [  7.44194305e-11  -2.50000000e-01   2.50000000e-01   2.50000000e-01
    7.50000000e-01   9.05674989e-11]
 [ -1.39111300e-11   7.69198861e-11  -5.57155326e-11  -7.76458622e-11
    5.56761755e-11   1.00000000e+00]] [[ 1.  0.  0.  0.  0.  0.]
 [ 0.  1.  0.  0.  0.  0.]
 [ 0.  0.  1.  0.  0.  0.]
 [ 0.  0.  0.  1.  0.  0.]
 [ 0.  0.  0.  0.  1.  0.]
 [ 0.  0.  0.  0.  0.  1.]]
