sim =  True
[[ 1574.16984851  2690.38472639   540.47381061  1712.53095831
   -437.37995746 -1615.50914844]
 [ 2690.38472639  5497.12135702  3206.37669569  4288.99527054
   1998.25060921  -432.05705595]
 [  540.47381061  3206.37669569  6067.29486036  4030.37953601
   6891.29770067  5427.58941218]
 [ 1712.53095831  4288.99527054  4030.37953601  3936.34748296
   3677.73174843  1762.30472458]
 [ -437.37995746  1998.25060921  6891.29770067  3677.73174843
   8570.77883989  7621.95119271]
 [-1615.50914844  -432.05705595  5427.58941218  1762.30472458
   7621.95119271  7749.02447305]]
====
[[ 41.72269366   5.62382377 -17.55229388  -3.15975255 -26.33587034
   47.9284866 ]
 [  5.62382378   1.17117181  -2.49371644  -0.49945195  -4.16434021
    7.19404169]
 [-17.55229388  -2.49371643   7.44067122   1.33724857  11.27163629
  -20.4008555 ]
 [ -3.15975255  -0.49945195   1.33724857   0.26532118   2.10202171
   -3.75112001]
 [-26.33587033  -4.16434021  11.27163628   2.10202171  17.53799829
  -31.34601734]
 [ 47.9284866    7.19404168 -20.4008555   -3.75112    -31.34601735
   56.36761694]]
====
(array([  1.76431092e-11,   8.10966821e-03,   8.57050789e-01,
         3.45650441e+01,   9.96537949e+03,   2.33939272e+04]), array([[  4.31972809e-10,   5.78043017e-01,  -6.66898169e-01,
          2.52497938e-01,   3.96359549e-01,  -1.60312363e-02],
       [  5.00000000e-01,   8.43642708e-02,   5.01371669e-01,
          8.10733699e-02,   6.59910223e-01,  -2.22384183e-01],
       [ -5.00000000e-01,  -2.45266886e-01,   9.61552872e-02,
          6.46122651e-01,   8.74281016e-02,  -5.05450455e-01],
       [ -5.00000000e-01,  -4.48437529e-02,  -5.35817114e-02,
         -6.95132372e-01,   4.05442909e-01,  -3.12290042e-01],
       [  5.00000000e-01,  -3.74474911e-01,  -4.58798094e-01,
         -1.30083092e-01,  -1.67039212e-01,  -5.95356315e-01],
       [  5.15229461e-10,   6.75537322e-01,   2.85062714e-01,
         -1.09848963e-01,  -4.55508376e-01,  -4.92781797e-01]]))
====
2.86340780785e+16
====
[[  1.00000000e+00  -2.93468720e-10   3.07999317e-10   2.92083475e-10
   -2.54849984e-10  -3.99640431e-11]
 [ -3.30564420e-10   7.50000000e-01   2.50000000e-01   2.50000000e-01
   -2.50000000e-01  -3.79838813e-10]
 [  3.19174393e-10   2.50000000e-01   7.50000000e-01  -2.50000000e-01
    2.50000000e-01   3.23049769e-10]
 [  2.86785233e-10   2.50000000e-01  -2.50000000e-01   7.50000000e-01
    2.50000000e-01   3.30055640e-10]
 [ -3.37181013e-10  -2.50000000e-01   2.50000000e-01   2.50000000e-01
    7.50000000e-01  -4.54033883e-10]
 [ -1.12418857e-11  -3.51488098e-10   3.36264196e-10   3.46209311e-10
   -3.58704708e-10   1.00000000e+00]] [[ 1.  0.  0.  0.  0.  0.]
 [ 0.  1.  0.  0.  0.  0.]
 [ 0.  0.  1.  0.  0.  0.]
 [ 0.  0.  0.  1.  0.  0.]
 [ 0.  0.  0.  0.  1.  0.]
 [ 0.  0.  0.  0.  0.  1.]]
