sim =  True
[[  4.22423540e+75   7.35395563e+75   1.99200280e+75   4.93578751e+75
   -4.26165320e+74  -3.72024736e+75]
 [  7.35395563e+75   1.44989982e+76   7.36591276e+75   1.12642983e+76
    4.13121284e+75  -2.39500152e+75]
 [  1.99200280e+75   7.36591276e+75   9.97624000e+75   8.45137182e+75
    1.10616991e+76   7.68761987e+75]
 [  4.93578751e+75   1.12642983e+76   8.45137182e+75   9.99134954e+75
    7.17842305e+75   2.07809191e+75]
 [ -4.26165320e+74   4.13121284e+75   1.10616991e+76   7.17842305e+75
    1.41089093e+76   1.21607133e+76]
 [ -3.72024736e+75  -2.39500152e+75   7.68761987e+75   2.07809191e+75
    1.21607133e+76   1.31525520e+76]]
====
[[  3.45101465e-71   4.84124849e-72  -1.40116236e-71  -3.11501496e-72
   -2.19678870e-71   3.96360782e-71]
 [  4.84124850e-72   8.89257203e-73  -2.03643968e-72  -4.67590099e-73
   -3.39328698e-72   5.93286184e-72]
 [ -1.40116236e-71  -2.03643968e-72   5.72734055e-72   1.26286669e-72
    9.02664690e-72  -1.62271487e-71]
 [ -3.11501497e-72  -4.67590100e-73   1.26286669e-72   2.95890118e-73
    2.02634690e-72  -3.62466957e-72]
 [ -2.19678870e-71  -3.39328697e-72   9.02664689e-72   2.02634690e-72
    1.44462807e-71  -2.57846801e-71]
 [  3.96360782e-71   5.93286184e-72  -1.62271487e-71  -3.62466956e-72
   -2.57846801e-71   4.61892779e-71]]
====
(array([  4.48714694e+59,   9.85725807e+69,   1.70566744e+72,
         4.20918479e+73,   2.45431924e+76,   4.13652846e+76]), array([[ -1.04478103e-10,   5.80982095e-01,  -6.73854467e-01,
          2.16530835e-01,   3.82313371e-01,  -1.23817794e-01],
       [  5.00000000e-01,   8.54920130e-02,   5.01590315e-01,
          1.05400655e-01,   5.64302356e-01,  -4.01935100e-01],
       [ -5.00000000e-01,  -2.37326416e-01,   6.87415723e-02,
          6.68576677e-01,  -5.51485340e-02,  -4.88788946e-01],
       [ -5.00000000e-01,  -5.29438537e-02,  -2.27783543e-02,
         -6.87025823e-01,   2.87502073e-01,  -4.38196499e-01],
       [  5.00000000e-01,  -3.75762282e-01,  -4.55627097e-01,
         -1.23849801e-01,  -3.31948817e-01,  -5.25050345e-01],
       [ -1.23407391e-10,   6.74408444e-01,   2.85459287e-01,
         -8.75618108e-02,  -5.82675310e-01,  -3.41333647e-01]]))
====
2.52553143002e+16
====
[[  1.00000000e+00   4.21093516e-11  -2.33930264e-11  -4.70598749e-11
    6.55238322e-11  -7.81442632e-11]
 [ -1.10795707e-10   7.50000000e-01   2.50000000e-01   2.50000000e-01
   -2.50000000e-01  -1.70302750e-10]
 [ -7.36393452e-11   2.50000000e-01   7.50000000e-01  -2.50000000e-01
    2.50000000e-01  -1.44744505e-10]
 [ -1.38305752e-10   2.50000000e-01  -2.50000000e-01   7.50000000e-01
    2.50000000e-01  -1.89606598e-10]
 [ -3.96671963e-11  -2.50000000e-01   2.50000000e-01   2.50000000e-01
    7.50000000e-01  -8.28936693e-11]
 [ -5.01938513e-12   4.19366282e-11  -4.42110692e-11  -5.36822902e-11
    8.49598634e-11   1.00000000e+00]] [[ 1.  0.  0.  0.  0.  0.]
 [ 0.  1.  0.  0.  0.  0.]
 [ 0.  0.  1.  0.  0.  0.]
 [ 0.  0.  0.  1.  0.  0.]
 [ 0.  0.  0.  0.  1.  0.]
 [ 0.  0.  0.  0.  0.  1.]]
