[[  8.62617634e-02  -2.68880581e-03  -3.99308387e-01  -1.26047449e-01
   -5.22667030e-01  -5.16655196e-01]
 [ -2.68880581e-03   1.60872891e-01   4.83657040e-01   2.29896676e-01
    5.52680825e-01   4.80468566e-01]
 [ -3.99308387e-01   4.83657040e-01   3.22935782e+00   1.24569652e+00
    3.99139730e+00   3.75249330e+00]
 [ -1.26047449e-01   2.29896676e-01   1.24569652e+00   5.01752882e-01
    1.51755272e+00   1.40754588e+00]
 [ -5.22667030e-01   5.52680825e-01   3.99139730e+00   1.51755272e+00
    4.95626919e+00   4.67957061e+00]
 [ -5.16655196e-01   4.80468566e-01   3.75249330e+00   1.40754588e+00
    4.67957061e+00   4.43555461e+00]]
====
(array([  1.06740566e-15,   1.00048650e-13,   1.13278460e-10,
         6.75845088e-06,   1.98742867e-01,   1.31713195e+01]), array([[ -4.84365292e-04,  -8.74247062e-01,   1.62322785e-01,
          2.11931875e-01,   4.00371808e-01,  -6.42685662e-02],
       [  5.00220895e-01,   3.92782592e-01,   3.01337146e-01,
          8.57272300e-02,   7.01830568e-01,   6.91484837e-02],
       [ -4.99905149e-01,   1.74556182e-01,  -2.40759430e-01,
          5.99781938e-01,   2.40020685e-01,   4.94278844e-01],
       [ -4.99998136e-01,   3.24915004e-03,   1.58900155e-02,
         -7.34072902e-01,   4.18842177e-01,   1.88273789e-01],
       [  4.99875512e-01,  -2.16088510e-01,  -5.26223668e-01,
         -2.20018194e-01,  -4.29677055e-02,   6.13404149e-01],
       [ -2.98459689e-05,  -6.51095055e-02,   7.40079924e-01,
         -2.69502843e-02,  -3.35039322e-01,   5.78847815e-01]]))
====
1.81677495319e+16
====
False
