sim =  True
[[  2.24214039e+74   3.86775927e+74   9.48912840e+73   2.53150595e+74
   -3.87340480e+73  -2.10429908e+74]
 [  3.86775927e+74   7.66298219e+74   3.97291723e+74   5.90887375e+74
    2.21880879e+74  -1.20378177e+74]
 [  9.48912840e+73   3.97291723e+74   5.95948678e+74   4.69734147e+74
    6.68391102e+74   4.86972436e+74]
 [  2.53150595e+74   5.90887375e+74   4.69734147e+74   5.26777459e+74
    4.05624231e+74   1.39771325e+74]
 [ -3.87340480e+73   2.21880879e+74   6.68391102e+74   4.05624231e+74
    8.52134454e+74   7.47121938e+74]
 [ -2.10429908e+74  -1.20378177e+74   4.86972436e+74   1.39771325e+74
    7.47121938e+74   7.95138431e+74]]
====
[[  5.80355085e-70   7.84037708e-71  -2.36551054e-70  -5.03724328e-71
   -3.65327257e-70   6.62451496e-70]
 [  7.84037708e-71   1.39057316e-71  -3.30904963e-71  -7.28514281e-72
   -5.42813706e-71   9.54043452e-71]
 [ -2.36551054e-70  -3.30904962e-71   9.70428462e-71   2.04940722e-71
    1.50627415e-70  -2.72178406e-70]
 [ -5.03724328e-71  -7.28514281e-72   2.04940722e-71   4.61374930e-72
    3.23929643e-71  -5.82329432e-71]
 [ -3.65327257e-70  -5.42813706e-71   1.50627415e-70   3.23929643e-71
    2.37301750e-70  -4.25815695e-70]
 [  6.62451496e-70   9.54043452e-71  -2.72178406e-70  -5.82329431e-71
   -4.25815695e-70   7.66789919e-70]]
====
(array([ -4.67135291e+59,   5.91641469e+68,   1.06357617e+71,
         2.54543400e+72,   1.35945737e+75,   2.39840152e+75]), array([[ -2.18593710e-11,   5.83815254e-01,  -6.71834373e-01,
          2.17567305e-01,   3.93422225e-01,  -7.53773520e-02],
       [  5.00000000e-01,   8.26497573e-02,   5.00520355e-01,
          1.02673203e-01,   6.12715320e-01,  -3.26629059e-01],
       [ -5.00000000e-01,  -2.39346531e-01,   6.76474171e-02,
          6.63397464e-01,   8.42116315e-03,  -4.97965815e-01],
       [ -5.00000000e-01,  -5.11419349e-02,  -2.40507294e-02,
         -6.90687185e-01,   3.41865025e-01,  -3.91005859e-01],
       [  5.00000000e-01,  -3.73138224e-01,  -4.56923668e-01,
         -1.29962924e-01,  -2.62429132e-01,  -5.62342616e-01],
       [ -2.38219336e-11,   6.73197128e-01,   2.90144965e-01,
         -8.99296152e-02,  -5.32904522e-01,  -4.12973317e-01]]))
====
3.7689027272e+16
====
[[  1.00000000e+00  -6.70537885e-13   7.89644893e-12   2.65341647e-12
    7.92549106e-12  -5.09555180e-11]
 [ -9.89138685e-12   7.50000000e-01   2.50000000e-01   2.50000000e-01
   -2.50000000e-01   3.53024675e-11]
 [  1.04520632e-11   2.50000000e-01   7.50000000e-01  -2.50000000e-01
    2.50000000e-01   7.88076679e-11]
 [  7.76331861e-12   2.50000000e-01  -2.50000000e-01   7.50000000e-01
    2.50000000e-01   1.46641857e-11]
 [  3.43339378e-11  -2.50000000e-01   2.50000000e-01   2.50000000e-01
    7.50000000e-01   8.30212994e-11]
 [  4.48851888e-11   1.67941685e-12  -3.86411046e-11  -2.90668588e-12
   -6.90122797e-11   1.00000000e+00]] [[ 1.  0.  0.  0.  0.  0.]
 [ 0.  1.  0.  0.  0.  0.]
 [ 0.  0.  1.  0.  0.  0.]
 [ 0.  0.  0.  1.  0.  0.]
 [ 0.  0.  0.  0.  1.  0.]
 [ 0.  0.  0.  0.  0.  1.]]
