[[  1.29392645e-01  -4.03320871e-03  -5.98962580e-01  -1.89071173e-01
   -7.84000545e-01  -7.74982794e-01]
 [ -4.03320871e-03   2.41309336e-01   7.25485560e-01   3.44845013e-01
    8.29021238e-01   7.20702849e-01]
 [ -5.98962580e-01   7.25485560e-01   4.84403673e+00   1.86854477e+00
    5.98709594e+00   5.62873995e+00]
 [ -1.89071173e-01   3.44845013e-01   1.86854477e+00   7.52629323e-01
    2.27632908e+00   2.11131882e+00]
 [ -7.84000545e-01   8.29021238e-01   5.98709594e+00   2.27632908e+00
    7.43440379e+00   7.01935592e+00]
 [ -7.74982794e-01   7.20702849e-01   5.62873995e+00   2.11131882e+00
    7.01935592e+00   6.65333192e+00]]
====
(array([  1.75651009e-15,   1.52431191e-13,   1.69918085e-10,
         1.01376763e-05,   2.98114300e-01,   1.97569793e+01]), array([[ -5.11472914e-03,  -8.74231289e-01,   1.62327875e-01,
          2.11931875e-01,   4.00371808e-01,  -6.42685662e-02],
       [  5.02292922e-01,   3.90129791e-01,   3.01336605e-01,
          8.57272299e-02,   7.01830568e-01,   6.91484837e-02],
       [ -4.98972896e-01,   1.77199709e-01,  -2.40762193e-01,
          5.99781938e-01,   2.40020685e-01,   4.94278844e-01],
       [ -4.99973973e-01,   5.89707084e-03,   1.58882500e-02,
         -7.34072902e-01,   4.18842177e-01,   1.88273789e-01],
       [  4.98725970e-01,  -2.18735779e-01,  -5.26220663e-01,
         -2.20018194e-01,  -4.29677055e-02,   6.13404149e-01],
       [ -3.77212622e-04,  -6.51041104e-02,   7.40080303e-01,
         -2.69502843e-02,  -3.35039322e-01,   5.78847815e-01]]))
====
1.81677495319e+16
====
False
