[[  6.88338215  16.9273917   20.1301493   13.35691253  16.55967013
    9.72242176]
 [ 16.9273917   44.64121617  58.55134364  36.99218691  50.90231439
   32.77768489]
 [ 20.1301493   58.55134364  86.10956865  51.47777922  79.03600422
   55.1219304 ]
 [ 13.35691253  36.99218691  51.47777922  31.63029306  46.11588536
   31.04000588]
 [ 16.55967013  50.90231439  79.03600422  46.11588536  74.2495752
   53.38425138]
 [  9.72242176  32.77768489  55.1219304   31.04000588  53.38425138
   39.88361741]]
====
(array([ -3.90361056e-14,   3.18808135e-07,   2.56335637e-05,
         3.99185621e-02,   1.40745371e+01,   2.69283171e+02]), array([[ -6.26557038e-08,  -6.93758766e-01,  -5.43108344e-01,
          2.20541169e-01,   3.97222872e-01,  -1.31558668e-01],
       [  5.00000044e-01,   4.88371251e-01,  -7.31017577e-02,
          5.23895543e-02,   5.96864514e-01,  -3.83611388e-01],
       [ -4.99999997e-01,   3.63758562e-02,   3.31956557e-01,
          5.64347337e-01,   1.68050437e-02,  -5.65430206e-01],
       [ -4.99999999e-01,   1.34861411e-02,  -5.93028337e-02,
         -7.54873105e-01,   2.49700053e-01,  -3.37813229e-01],
       [  4.99999960e-01,  -4.38509434e-01,   3.45755481e-01,
         -2.42915322e-01,  -3.30359417e-01,  -5.19632047e-01],
       [  2.64889199e-08,   2.93933143e-01,  -6.82957264e-01,
          3.58852492e-02,  -5.60532668e-01,  -3.62888496e-01]]))
====
1.17377987488e+17
====
False
