sim =  True
[[  6.34160524e+74   1.10271579e+75   2.93623101e+74   7.36182901e+74
   -7.29097911e+73  -5.65511697e+74]
 [  1.10271579e+75   2.18447573e+75   1.12998281e+75   1.69880348e+75
    6.44310560e+74  -3.36699671e+74]
 [  2.93623101e+74   1.12998281e+75   1.58637120e+75   1.30972175e+75
    1.76611014e+75   1.24900618e+75]
 [  7.36182901e+74   1.69880348e+75   1.30972175e+75   1.51394969e+75
    1.12486796e+75   3.57073053e+74]
 [ -7.29097911e+73   6.44310560e+74   1.76611014e+75   1.12486796e+75
    2.24666754e+75   1.94277891e+75]
 [ -5.65511697e+74  -3.36699671e+74   1.24900618e+75   3.57073053e+74
    1.94277891e+75   2.07986092e+75]]
====
[[  2.13553409e-70   2.96720368e-71  -8.68654698e-71  -1.90320362e-71
   -1.35569543e-70   2.44934887e-70]
 [  2.96720368e-71   5.38329556e-72  -1.24968922e-71  -2.82716061e-72
   -2.07073483e-71   3.62718656e-71]
 [ -8.68654697e-71  -1.24968922e-71   3.55664981e-71   7.72945464e-72
    5.57928448e-71  -1.00442801e-70]
 [ -1.90320362e-71  -2.82716061e-72   7.72945463e-72   1.78524224e-72
    1.23418575e-71  -2.21090947e-71]
 [ -1.35569543e-70  -2.07073484e-71   5.57928449e-71   1.23418575e-71
    8.88420506e-71  -1.58823761e-70]
 [  2.44934887e-70   3.62718657e-71  -1.00442801e-70  -2.21090947e-71
   -1.58823761e-70   2.84939709e-70]]
====
(array([ -3.90577944e+59,   1.59644570e+69,   2.82961685e+71,
         6.93250464e+72,   3.74261912e+75,   6.49564941e+75]), array([[ -5.90071437e-11,   5.81684554e-01,  -6.73423439e-01,
          2.16882067e-01,   3.87218029e-01,  -1.05680268e-01],
       [  5.00000000e-01,   8.47001270e-02,   5.01210959e-01,
          1.04790816e-01,   5.83612136e-01,  -3.74204787e-01],
       [ -5.00000000e-01,  -2.38015186e-01,   6.83148940e-02,
          6.66716734e-01,  -3.16552499e-02,  -4.93121272e-01],
       [ -5.00000000e-01,  -5.23249506e-02,  -2.29811766e-02,
         -6.88234025e-01,   3.09132432e-01,  -4.21313460e-01],
       [  5.00000000e-01,  -3.75040263e-01,  -4.55877242e-01,
         -1.26308107e-01,  -3.06134954e-01,  -5.40229945e-01],
       [ -6.83429321e-11,   6.74110259e-01,   2.86826303e-01,
         -8.86004519e-02,  -5.64956234e-01,  -3.69161813e-01]]))
====
6.91960033199e+15
====
[[  1.00000000e+00   9.57906569e-11  -1.10531582e-10  -9.16859562e-11
    6.34628978e-11   7.46482040e-11]
 [ -9.62192363e-11   7.50000000e-01   2.50000000e-01   2.50000000e-01
   -2.50000000e-01  -8.07309636e-11]
 [ -1.37204237e-10   2.50000000e-01   7.50000000e-01  -2.50000000e-01
    2.50000000e-01  -1.61088914e-10]
 [ -9.38700806e-11   2.50000000e-01  -2.50000000e-01   7.50000000e-01
    2.50000000e-01  -1.07632615e-10]
 [ -9.01598137e-11  -2.50000000e-01   2.50000000e-01   2.50000000e-01
    7.50000000e-01  -1.16689895e-10]
 [ -8.46651031e-11   8.92186388e-11  -8.66853734e-11  -9.33776337e-11
    1.72399218e-10   1.00000000e+00]] [[ 1.  0.  0.  0.  0.  0.]
 [ 0.  1.  0.  0.  0.  0.]
 [ 0.  0.  1.  0.  0.  0.]
 [ 0.  0.  0.  1.  0.  0.]
 [ 0.  0.  0.  0.  1.  0.]
 [ 0.  0.  0.  0.  0.  1.]]
