[[  13.8280973    34.00551167   40.43912913   26.83278371   33.26640117
    19.53097795]
 [  34.00551167   89.68028875  117.624628     74.31441889  102.25875815
    65.84785682]
 [  40.43912913  117.624628    172.9890926   103.41545504  158.77991964
   110.73846688]
 [  26.83278371   74.31441889  103.41545504   63.54321162   92.64424777
    62.35789589]
 [  33.26640117  102.25875815  158.77991964   92.64424777  149.16540926
   107.24850595]
 [  19.53097795   65.84785682  110.73846688   62.35789589  107.24850595
    80.12670755]]
====
(array([ -1.51076727e-13,   6.40615680e-07,   5.15002207e-05,
         8.02029744e-02,   2.82771507e+01,   5.40975401e+02]), array([[  3.03619663e-08,  -6.93786383e-01,  -5.43074815e-01,
          2.20540611e-01,   3.97222121e-01,  -1.31554650e-01],
       [  4.99999978e-01,   4.88367587e-01,  -7.31270576e-02,
          5.23945853e-02,   5.96867730e-01,  -3.83605626e-01],
       [ -5.00000001e-01,   3.63928748e-02,   3.31949995e-01,
          5.64350746e-01,   1.68052916e-02,  -5.65429550e-01],
       [ -5.00000001e-01,   1.34828075e-02,  -5.92972380e-02,
         -7.54871022e-01,   2.49710181e-01,  -3.37811511e-01],
       [  5.00000020e-01,  -4.38491815e-01,   3.45779813e-01,
         -2.42914861e-01,  -3.30352257e-01,  -5.19635435e-01],
       [ -1.39839246e-08,   2.93898376e-01,  -6.82972575e-01,
          3.58746849e-02,  -5.60529476e-01,  -3.62893813e-01]]))
====
2.89279096963e+16
====
False
