[[  20.77492737   51.08882917   60.75427554   40.31275691   49.97820328
    29.3425043 ]
 [  51.08882917  134.73308052  176.71591032  111.64803174  153.63086155
    98.92811451]
 [  60.75427554  176.71591032  259.89516673  155.36898938  238.54824579
   166.37205875]
 [  40.31275691  111.64803174  155.36898938   95.46587589  139.18683353
    93.68536811]
 [  49.97820328  153.63086155  238.54824579  139.18683353  224.10421777
   161.12931235]
 [  29.3425043    98.92811451  166.37205875   93.68536811  161.12931235
   120.3821933 ]]
====
(array([ -3.25115072e-13,   9.62526409e-07,   7.73749114e-05,
         1.20500000e-01,   4.24841806e+01,   8.12750703e+02]), array([[  2.51760020e-08,  -6.93796162e-01,  -5.43062941e-01,
          2.20540413e-01,   3.97221855e-01,  -1.31553227e-01],
       [  4.99999982e-01,   4.88366261e-01,  -7.31360164e-02,
          5.23963670e-02,   5.96868869e-01,  -3.83603585e-01],
       [ -5.00000001e-01,   3.63989296e-02,   3.31947671e-01,
          5.64351953e-01,   1.68053795e-02,  -5.65429317e-01],
       [ -5.00000000e-01,   1.34816553e-02,  -5.92952572e-02,
         -7.54870284e-01,   2.49713768e-01,  -3.37810903e-01],
       [  5.00000016e-01,  -4.38485604e-01,   3.45788430e-01,
         -2.42914697e-01,  -3.30349721e-01,  -5.19636635e-01],
       [ -1.07305621e-08,   2.93886063e-01,  -6.82977997e-01,
          3.58709438e-02,  -5.60528346e-01,  -3.62895697e-01]]))
====
2.89279096963e+16
====
False
