[[  2444.85841448   2616.71668571  -3552.56555031    264.34590503
   -5904.93633099  -6959.38441285]
 [  2616.71668571   4412.64745761    879.05284762   2565.86610084
    -967.72850914  -2824.49980171]
 [ -3552.56555031    879.05284762  18758.83334914   6245.00158681
   24124.78208832  23542.46461187]
 [   264.34590503   2565.86610084   6245.00158681   3262.01450391
    6941.14998988   5795.74597922]
 [ -5904.93633099   -967.72850914  24124.78208832   6941.14998988
   32033.66058734  32162.7103928 ]
 [ -6959.38441285  -2824.49980171  23542.46461187   5795.74597922
   32162.7103928   33075.52743831]]
====
(array([ -2.67020589e-12,   2.18072151e-07,   6.54617471e-05,
         9.56093869e-01,   8.83221504e+03,   8.51543705e+04]), array([[  1.87653816e-05,   8.88643021e-01,   3.40191235e-02,
          2.19824558e-01,   3.83943674e-01,  -1.15847739e-01],
       [  4.99993333e-01,  -3.14896909e-01,  -3.84152473e-01,
          9.20543016e-02,   7.03024260e-01,  -2.35876404e-02],
       [ -5.00004704e-01,  -2.23183232e-01,   1.81324947e-01,
          6.09476165e-01,   2.90345198e-01,   4.59939425e-01],
       [ -5.00000008e-01,  -3.75205615e-04,   7.96530224e-04,
         -7.25255293e-01,   4.55184429e-01,   1.29657673e-01],
       [  5.00001955e-01,   9.12962413e-02,   5.66273854e-01,
         -2.07833429e-01,   4.25053673e-02,   6.13184738e-01],
       [  4.82740241e-06,   2.30233834e-01,  -7.05495661e-01,
         -5.05173062e-02,  -2.55037723e-01,   6.17796096e-01]]))
====
8.91791004367e+15
====
False
