[[  24620.80607573   26355.51574967  -35764.52833801    2667.89258551
   -59452.15150218  -70072.76448529]
 [  26355.51574967   44422.48765796    8789.83438616   25813.2490254
    -9819.4042464   -28511.17898841]
 [ -35764.52833801    8789.83438616  188673.79135372   62786.14707855
   242670.1040461   236834.45660205]
 [   2667.89258551   25813.2490254    62786.14707855   32805.23671482
    69778.13476797   58255.33908722]
 [ -59452.15150218   -9819.4042464   242670.1040461    69778.13476797
   322267.64306048  323600.97467768]
 [ -70072.76448529  -28511.17898841  236834.45660205   58255.33908722
   323600.97467768  332824.12619213]]
====
(array([  4.63097661e-11,   2.19220630e-06,   6.58326856e-04,
         9.61683962e+00,   8.89023117e+04,   8.56702162e+05]), array([[  2.20900503e-05,  -8.88636334e-01,  -3.41919119e-02,
          2.19830398e-01,   3.83910462e-01,  -1.15947111e-01],
       [  4.99992118e-01,   3.14821981e-01,   3.84217410e-01,
          9.20571098e-02,   7.03016731e-01,  -2.37686333e-02],
       [ -5.00005520e-01,   2.23217236e-01,  -1.81267347e-01,
          6.09486135e-01,   2.90453937e-01,   4.59862867e-01],
       [ -5.00000009e-01,   3.73893483e-04,  -8.11995436e-04,
         -7.25247791e-01,   4.55229011e-01,   1.29542970e-01],
       [  5.00002351e-01,  -9.11811464e-02,  -5.66296452e-01,
         -2.07818766e-01,   4.26662170e-02,   6.13174470e-01],
       [  5.61939099e-06,  -2.30374720e-01,   7.05448590e-01,
         -5.05345337e-02,  -2.54878175e-01,   6.17861758e-01]]))
====
7.63506983144e+15
====
False
