[[  29471.45699526   31547.51577186  -42811.82248714    3192.90796469
   -71166.43029432  -83879.26528513]
 [  31547.51577186   53171.9793555    10516.53580984   30896.05545848
   -11759.38808717  -34132.66241522]
 [ -42811.82248714   10516.53580984  225835.79958189   75150.52759854
   290469.79137059  283486.61763901]
 [   3192.90796469   30896.05545848   75150.52759854   39265.27786605
    83519.7500061    69728.01019643]
 [ -71166.43029432  -11759.38808717  290469.79137059   83519.7500061
   385748.92946387  387347.29025066]
 [ -83879.26528513  -34132.66241522  283486.61763901   69728.01019643
   387347.29025066  398389.41675828]]
====
(array([  3.34987750e-11,   2.62340626e-06,   7.87867037e-04,
         1.15098668e+01,   1.06411689e+05,   1.02545966e+06]), array([[  1.94138898e-05,   8.88636211e-01,   3.41955972e-02,
          2.19830380e-01,   3.83908765e-01,  -1.15952614e-01],
       [  4.99993102e-01,  -3.14818826e-01,  -3.84218759e-01,
          9.20571208e-02,   7.03016368e-01,  -2.37786257e-02],
       [ -5.00004866e-01,  -2.23219449e-01,   1.81266047e-01,
          6.09486442e-01,   2.90460312e-01,   4.59858583e-01],
       [ -5.00000008e-01,  -3.75478144e-04,   8.12290789e-04,
         -7.25247645e-01,   4.55231023e-01,   1.29536714e-01],
       [  5.00002023e-01,   9.11802094e-02,   5.66296988e-01,
         -2.07818324e-01,   4.26749665e-02,   6.13173923e-01],
       [  4.99428368e-06,   2.30377728e-01,  -7.05447580e-01,
         -5.05347920e-02,  -2.54869412e-01,   6.17865384e-01]]))
====
8.90464157852e+15
====
False
