[[  34388.04078002   36810.2795738   -49954.3666632     3725.33586734
   -83039.31036966  -97872.89417872]
 [  36810.2795738    62040.64136381   12266.51499241   36048.03382616
   -13726.09254524  -39831.01003791]
 [ -49954.3666632    12266.51499241  263499.90352808   87681.94010494
   338915.32864061  330769.14520746]
 [   3725.33586734   36048.03382616   87681.94010494   45812.86279874
    97446.76907752   81355.21916797]
 [ -83039.31036966  -13726.09254524  338915.32864061   97446.76907752
   450088.19026338  451955.37441334]
 [ -97872.89417872  -39831.01003791  330769.14520746   81355.21916797
   451955.37441334  464841.43525047]]
====
(array([  1.54590357e-10,   3.06048415e-06,   9.19186254e-04,
         1.34287613e+01,   1.24159487e+05,   1.19649816e+06]), array([[  2.91503922e-05,  -8.88636043e-01,  -3.42001910e-02,
          2.19830466e-01,   3.83907350e-01,  -1.15957068e-01],
       [  4.99989625e-01,   3.14822252e-01,   3.84220531e-01,
          9.20571717e-02,   7.03016057e-01,  -2.37867234e-02],
       [ -5.00007298e-01,   2.23214897e-01,  -1.81264531e-01,
          6.09486762e-01,   2.90465369e-01,   4.59855128e-01],
       [ -5.00000012e-01,   3.70052055e-04,  -8.12755791e-04,
         -7.25247448e-01,   4.55232784e-01,   1.29531622e-01],
       [  5.00003064e-01,  -9.11717067e-02,  -5.66297558e-01,
         -2.07817858e-01,   4.26820952e-02,   6.13173473e-01],
       [  7.46447636e-06,  -2.30381477e-01,   7.05446324e-01,
         -5.05352043e-02,  -2.54862297e-01,   6.17868321e-01]]))
====
8.90464157852e+15
====
False
