[[  36845.69572718   39440.95070626  -53524.79544504    3991.43896216
   -88974.30718914 -104867.97730332]
 [  39440.95070626   66473.78117704   13141.29078885   38623.33515069
   -14709.15523751  -42679.39286359]
 [ -53524.79544504   13141.29078885  282327.48794572   93946.15654611
   363132.35370298  354404.80600456]
 [   3991.43896216   38623.33515069   93946.15654611   49085.83630408
   104408.6576995    87167.50796099]
 [ -88974.30718914  -14709.15523751  363132.35370298  104408.6576995
   482250.16663999  484251.70682913]
 [-104867.97730332  -42679.39286359  354404.80600456   87167.50796099
   484251.70682913  498059.46750795]]
====
(array([  2.26447797e-10,   3.27901901e-06,   9.84825674e-04,
         1.43879353e+01,   1.33031008e+05,   1.28199704e+06]), array([[  5.22673013e-05,  -8.88635986e-01,  -3.42017681e-02,
          2.19830487e-01,   3.83906805e-01,  -1.15958800e-01],
       [  4.99981414e-01,   3.14834553e-01,   3.84221155e-01,
          9.20571863e-02,   7.03015939e-01,  -2.37898705e-02],
       [ -5.00013094e-01,   2.23202205e-01,  -1.81264024e-01,
          6.09486878e-01,   2.90467347e-01,   4.59853783e-01],
       [ -5.00000022e-01,   3.57067715e-04,  -8.12931122e-04,
         -7.25247382e-01,   4.55233452e-01,   1.29529646e-01],
       [  5.00005467e-01,  -9.11576604e-02,  -5.66297739e-01,
         -2.07817690e-01,   4.26848610e-02,   6.13173299e-01],
       [  1.34179983e-05,  -2.30382764e-01,   7.05445892e-01,
         -5.05353394e-02,  -2.54859533e-01,   6.17869463e-01]]))
====
7.14931564907e+16
====
False
