[[  39297.61816728   42065.22492209  -57087.63447125    4256.54434838
   -94896.31504497 -111847.47852818]
 [  42065.22492209   70896.20027195   14014.14243166   41192.44574138
   -15689.61209891  -45520.65681829]
 [ -57087.63447125   14014.14243166  301114.8643642   100196.96467896
   387297.6866115   377990.03991756]
 [   4256.54434838   41192.44574138  100196.96467896   52351.43916032
   111355.95809791   92967.95551918]
 [ -94896.31504497  -15689.61209891  387297.6866115   111355.95809791
   514343.25680832  516478.65225503]
 [-111847.47852818  -45520.65681829  377990.03991756   92967.95551918
   516478.65225503  531205.70686799]]
====
(array([  3.02167626e-11,   3.49675452e-06,   1.05028368e-03,
         1.53446501e+01,   1.41881131e+05,   1.36731261e+06]), array([[  5.30008378e-05,  -8.88636030e-01,  -3.42008666e-02,
          2.19830392e-01,   3.83906505e-01,  -1.15959896e-01],
       [  4.99981207e-01,   3.14835363e-01,   3.84220754e-01,
          9.20571501e-02,   7.03015881e-01,  -2.37918528e-02],
       [ -5.00013305e-01,   2.23201576e-01,  -1.81264238e-01,
          6.09486874e-01,   2.90468711e-01,   4.59852918e-01],
       [ -5.00000022e-01,   3.56681499e-04,  -8.12792707e-04,
         -7.25247425e-01,   4.55233731e-01,   1.29528425e-01],
       [  5.00005462e-01,  -9.11578224e-02,  -5.66297696e-01,
         -2.07817701e-01,   4.26865618e-02,   6.13173196e-01],
       [  1.37094355e-05,  -2.30382032e-01,   7.05446134e-01,
         -5.05352056e-02,  -2.54857807e-01,   6.17870183e-01]]))
====
7.14931564907e+16
====
False
