[[  41749.54060739   44689.49913793  -60650.47349746    4521.6497346
  -100818.3229008  -118826.97975303]
 [  44689.49913793   75318.61936687   14886.99407448   43761.55633207
   -16670.06896032  -48361.92077299]
 [ -60650.47349746   14886.99407448  319902.24078268  106447.77281181
   411463.01952002  401575.27383057]
 [   4521.6497346    43761.55633207  106447.77281181   55617.04201657
   118303.25849631   98768.40307738]
 [-100818.3229008   -16670.06896032  411463.01952002  118303.25849631
   546436.34697665  548705.59768094]
 [-118826.97975303  -48361.92077299  401575.27383057   98768.40307738
   548705.59768094  564351.94622803]]
====
(array([ -8.66265918e-11,   3.71450977e-06,   1.11574144e-03,
         1.63013648e+01,   1.50731253e+05,   1.45262818e+06]), array([[  5.95813394e-05,   8.88636063e-01,   3.42002367e-02,
          2.19830309e-01,   3.83906241e-01,  -1.15960863e-01],
       [  4.99978804e-01,  -3.14839337e-01,  -3.84220617e-01,
          9.20571181e-02,   7.03015830e-01,  -2.37936021e-02],
       [ -5.00014921e-01,  -2.23197723e-01,   1.81264544e-01,
          6.09486870e-01,   2.90469915e-01,   4.59852155e-01],
       [ -5.00000025e-01,  -3.53008589e-04,   8.12829435e-04,
         -7.25247462e-01,   4.55233978e-01,   1.29527349e-01],
       [  5.00006246e-01,   9.11545275e-02,   5.66297517e-01,
         -2.07817711e-01,   4.26880627e-02,   6.13173105e-01],
       [  1.52777329e-05,   2.30381518e-01,  -7.05446305e-01,
         -5.05350874e-02,  -2.54856283e-01,   6.17870818e-01]]))
====
7.14931564907e+16
====
False
