[[  44201.4630475    47313.77335376  -64213.31252368    4786.75512081
  -106740.33075663 -125806.48097788]
 [  47313.77335376   79741.03846178   15759.84571729   46330.66692276
   -17650.52582173  -51203.18472769]
 [ -64213.31252368   15759.84571729  338689.61720116  112698.58094467
   435628.35242854  425160.50774357]
 [   4786.75512081   46330.66692276  112698.58094467   58882.64487281
   125250.55889472  104568.85063558]
 [-106740.33075663  -17650.52582173  435628.35242854  125250.55889472
   578529.43714498  580932.54310684]
 [-125806.48097789  -51203.18472769  425160.50774357  104568.85063558
   580932.54310684  597498.18558807]]
====
(array([ -1.70260474e-10,   3.93256875e-06,   1.18119907e-03,
         1.72580796e+01,   1.59581376e+05,   1.53794375e+06]), array([[  4.35551891e-05,   8.88636097e-01,   3.41995573e-02,
          2.19830235e-01,   3.83906006e-01,  -1.15961723e-01],
       [  4.99984435e-01,  -3.14830615e-01,  -3.84220429e-01,
          9.20570896e-02,   7.03015784e-01,  -2.37951574e-02],
       [ -5.00010872e-01,  -2.23206582e-01,   1.81264822e-01,
          6.09486867e-01,   2.90470985e-01,   4.59851476e-01],
       [ -5.00000018e-01,  -3.62051225e-04,   8.12838479e-04,
         -7.25247496e-01,   4.55234197e-01,   1.29526391e-01],
       [  5.00004672e-01,   9.11639825e-02,   5.66297368e-01,
         -2.07817719e-01,   4.26893971e-02,   6.13173025e-01],
       [  1.10342666e-05,   2.30380966e-01,  -7.05446487e-01,
         -5.05349824e-02,  -2.54854929e-01,   6.17871382e-01]]))
====
7.14931564907e+16
====
False
