[[  46653.3854876    49938.0475696   -67776.15154989    5051.86050703
  -112662.33861245 -132785.98220274]
 [  49938.0475696    84163.45755669   16632.6973601    48899.77751345
   -18630.98268314  -54044.44868239]
 [ -67776.15154989   16632.6973601   357476.99361964  118949.38907752
   459793.68533706  448745.74165658]
 [   5051.86050703   48899.77751345  118949.38907752   62148.24772906
   132197.85929312  110369.29819378]
 [-112662.33861245  -18630.98268314  459793.68533706  132197.85929312
   610622.52731332  613159.48853274]
 [-132785.98220274  -54044.44868239  448745.74165658  110369.29819378
   613159.48853274  630644.42494811]]
====
(array([ -2.64649669e-10,   4.15030307e-06,   1.24665671e-03,
         1.82147943e+01,   1.68431498e+05,   1.62325932e+06]), array([[  5.05661924e-05,   8.88636125e-01,   3.41990047e-02,
          2.19830169e-01,   3.83905795e-01,  -1.15962493e-01],
       [  4.99981896e-01,  -3.14834799e-01,  -3.84220300e-01,
          9.20570642e-02,   7.03015743e-01,  -2.37965492e-02],
       [ -5.00012605e-01,  -2.23202507e-01,   1.81265076e-01,
          6.09486864e-01,   2.90471942e-01,   4.59850869e-01],
       [ -5.00000021e-01,  -3.58129912e-04,   8.12865938e-04,
         -7.25247526e-01,   4.55234393e-01,   1.29525534e-01],
       [  5.00005475e-01,   9.11603948e-02,   5.66297222e-01,
         -2.07817726e-01,   4.26905913e-02,   6.13172952e-01],
       [  1.27448489e-05,   2.30380515e-01,  -7.05446636e-01,
         -5.05348884e-02,  -2.54853717e-01,   6.17871887e-01]]))
====
7.14931564907e+16
====
False
