[[  4889.71682896   5233.43337142  -7105.13110062    528.69181007
  -11809.87266197 -13918.76882569]
 [  5233.43337142   8825.29491521   1758.10569525   5131.73220169
   -1935.45701828  -5648.99960342]
 [ -7105.13110062   1758.10569525  37517.66669827  12490.00317362
   48249.56417665  47084.92922373]
 [   528.69181007   5131.73220169  12490.00317362   6524.02900783
   13882.29997976  11591.49195844]
 [-11809.87266197  -1935.45701828  48249.56417665  13882.29997976
   64067.32117469  64325.4207856 ]
 [-13918.76882569  -5648.99960342  47084.92922373  11591.49195844
   64325.4207856   66151.05487662]]
====
(array([  8.76970864e-14,   4.36160567e-07,   1.30923473e-04,
         1.91218774e+00,   1.76644301e+04,   1.70308741e+05]), array([[  3.19872559e-06,   8.88643024e-01,   3.40190473e-02,
          2.19824558e-01,   3.83943674e-01,  -1.15847739e-01],
       [  4.99998863e-01,  -3.14888184e-01,  -3.84152427e-01,
          9.20543016e-02,   7.03024260e-01,  -2.35876404e-02],
       [ -5.00000802e-01,  -2.23191974e-01,   1.81324946e-01,
          6.09476165e-01,   2.90345198e-01,   4.59939425e-01],
       [ -5.00000001e-01,  -3.83963462e-04,   7.96510535e-04,
         -7.25255293e-01,   4.55184429e-01,   1.29657673e-01],
       [  5.00000334e-01,   9.13050478e-02,   5.66273866e-01,
         -2.07833429e-01,   4.25053673e-02,   6.13184738e-01],
       [  8.22489933e-07,   2.30233774e-01,  -7.05495681e-01,
         -5.05173062e-02,  -2.55037723e-01,   6.17796096e-01]]))
====
8.91791004367e+15
====
False
