[[  49105.30792771   52562.32178543  -71338.9905761     5316.96589325
  -118584.34646828 -139765.48342759]
 [  52562.32178543   88585.8766516    17505.54900292   51468.88810414
   -19611.43954454  -56885.71263709]
 [ -71338.9905761    17505.54900292  376264.37003812  125200.19721037
   483959.01824557  472330.97556958]
 [   5316.96589325   51468.88810414  125200.19721037   65413.8505853
   139145.15969153  116169.74575197]
 [-118584.34646828  -19611.43954454  483959.01824557  139145.15969153
   642715.61748165  645386.43395865]
 [-139765.48342759  -56885.71263709  472330.97556958  116169.74575197
   645386.43395865  663790.66430815]]
====
(array([ -3.70361923e-10,   4.36860119e-06,   1.31211443e-03,
         1.91715091e+01,   1.77281621e+05,   1.70857489e+06]), array([[  6.96321030e-05,   8.88636148e-01,   3.41985453e-02,
          2.19830110e-01,   3.83905606e-01,  -1.15963186e-01],
       [  4.99975063e-01,  -3.14845723e-01,  -3.84220235e-01,
          9.20570413e-02,   7.03015707e-01,  -2.37978020e-02],
       [ -5.00017354e-01,  -2.23191671e-01,   1.81265334e-01,
          6.09486861e-01,   2.90472804e-01,   4.59850322e-01],
       [ -5.00000028e-01,  -3.47424914e-04,   8.12928134e-04,
         -7.25247553e-01,   4.55234569e-01,   1.29524763e-01],
       [  5.00007549e-01,   9.11499657e-02,   5.66297056e-01,
         -2.07817733e-01,   4.26916662e-02,   6.13172887e-01],
       [  1.75377934e-05,   2.30380140e-01,  -7.05446761e-01,
         -5.05348038e-02,  -2.54852626e-01,   6.17872342e-01]]))
====
7.14931564907e+16
====
False
