[[  54032.14248818   57836.52706941  -78495.09922518    5851.18167309
  -130480.44462151 -153786.96825429]
 [  57836.52706941   97473.71327542   19258.96826201   56631.93875238
   -21582.80626104  -62596.79437595]
 [ -78495.09922518   19258.96826201  414000.33753835  137755.57488635
   532496.94416269  519703.62993224]
 [   5851.18167309   56631.93875238  137755.57488635   71974.61332053
   153098.2494545   127818.11251506]
 [-130480.44462151  -21582.80626104  532496.94416269  153098.2494545
   707177.99987822  710118.53682325]
 [-153786.96825429  -62596.79437595  519703.62993224  127818.11251506
   710118.53682325  730371.00605068]]
====
(array([ -4.37487996e-10,   4.80672112e-06,   1.44375778e-03,
         2.10948038e+01,   1.95067691e+05,   1.87994103e+06]), array([[  3.02183562e-05,  -8.88635930e-01,  -3.42040703e-02,
          2.19830336e-01,   3.83904761e-01,  -1.15965606e-01],
       [  4.99989006e-01,   3.14821092e-01,   3.84222338e-01,
          9.20571449e-02,   7.03015509e-01,  -2.38022184e-02],
       [ -5.00007443e-01,   2.23215010e-01,  -1.81263512e-01,
          6.09487165e-01,   2.90475366e-01,   4.59848468e-01],
       [ -5.00000012e-01,   3.69603879e-04,  -8.13458424e-04,
         -7.25247304e-01,   4.55235767e-01,   1.29521945e-01],
       [  5.00003538e-01,  -9.11685268e-02,  -5.66297755e-01,
         -2.07817284e-01,   4.26956233e-02,   6.13172631e-01],
       [  7.27954768e-06,  -2.30384647e-01,   7.05445255e-01,
         -5.05353956e-02,  -2.54848721e-01,   6.17873943e-01]]))
====
1.23664152708e+16
====
False
