[[  56496.83697288   60475.05509208  -82074.84413843    6118.51206342
  -136431.38716709 -160801.18191081]
 [  60475.05509208  101920.02038922   20136.10655675   59214.84349132
   -22569.07034116  -65453.92156923]
 [ -82074.84413843   20136.10655675  432877.27765865  144036.25046935
   556777.42157125  543401.18969894]
 [   6118.51206342   59214.84349132  144036.25046935   75256.63674496
   160078.04372299  133644.93321032]
 [-136431.38716709  -22569.07034116  556777.42157125  160078.04372299
   739424.5356354   742500.04447849]
 [-160801.18191081  -65453.92156923  543401.18969894  133644.93321032
   742500.04447849  763677.16931207]]
====
(array([ -4.55905107e-10,   5.02592039e-06,   1.50961992e-03,
         2.20569991e+01,   2.03965493e+05,   1.96566492e+06]), array([[  1.20811439e-05,   8.88635819e-01,   3.42068854e-02,
          2.19830452e-01,   3.83904366e-01,  -1.15966723e-01],
       [  4.99995406e-01,  -3.14809636e-01,  -3.84223426e-01,
          9.20571975e-02,   7.03015416e-01,  -2.38042574e-02],
       [ -5.00002875e-01,  -2.23225809e-01,   1.81262610e-01,
          6.09487313e-01,   2.90476536e-01,   4.59847613e-01],
       [ -5.00000004e-01,  -3.79809273e-04,   8.13740405e-04,
         -7.25247180e-01,   4.55236335e-01,   1.29520641e-01],
       [  5.00001714e-01,   9.11768923e-02,   5.66298089e-01,
         -2.07817064e-01,   4.26974546e-02,   6.13172512e-01],
       [  2.52989437e-06,   2.30386942e-01,  -7.05444488e-01,
         -5.05356919e-02,  -2.54846917e-01,   6.17874683e-01]]))
====
1.23664152708e+16
====
False
