[[  58961.53145757   63113.58311476  -85654.58905168    6385.84245376
  -142382.32971268 -167815.39556733]
 [  63113.58311476  106366.32750302   21013.24485149   61797.74823026
   -23555.33442127  -68311.04876252]
 [ -85654.58905168   21013.24485149  451754.21777894  150316.92605235
   581057.89897981  567098.74946563]
 [   6385.84245376   61797.74823026  150316.92605235   78538.66016939
   167057.83799148  139471.75390557]
 [-142382.32971268  -23555.33442127  581057.89897981  167057.83799148
   771671.07139257  774881.55213372]
 [-167815.39556733  -68311.04876252  567098.74946563  139471.75390557
   774881.55213372  796983.33257347]]
====
(array([ -2.99349644e-10,   5.24570973e-06,   1.57548208e-03,
         2.30191944e+01,   2.12863296e+05,   2.05138882e+06]), array([[  1.69188998e-05,  -8.88635714e-01,  -3.42095029e-02,
          2.19830558e-01,   3.83904005e-01,  -1.15967747e-01],
       [  4.99993673e-01,   3.14811196e-01,   3.84224432e-01,
          9.20572457e-02,   7.03015331e-01,  -2.38061260e-02],
       [ -5.00004080e-01,   2.23223639e-01,  -1.81261769e-01,
          6.09487449e-01,   2.90477608e-01,   4.59846830e-01],
       [ -5.00000007e-01,   3.77087399e-04,  -8.13994367e-04,
         -7.25247066e-01,   4.55236856e-01,   1.29519447e-01],
       [  5.00002240e-01,  -9.11724602e-02,  -5.66298404e-01,
         -2.07816863e-01,   4.26991328e-02,   6.13172403e-01],
       [  3.74696751e-06,  -2.30389075e-01,   7.05443776e-01,
         -5.05359635e-02,  -2.54845263e-01,   6.17875360e-01]]))
====
1.23664152708e+16
====
False
