[[  61426.22594227   65752.11113743  -89234.33396493    6653.17284409
  -148333.27225827 -174829.60922385]
 [  65752.11113743  110812.63461682   21890.38314623   64380.6529692
   -24541.59850139  -71168.1759558 ]
 [ -89234.33396493   21890.38314622  470631.15789924  156597.60163536
   605338.37638838  590796.30923233]
 [   6653.17284409   64380.6529692   156597.60163536   81820.68359382
   174037.63225997  145298.57460082]
 [-148333.27225827  -24541.59850139  605338.37638838  174037.63225997
   803917.60714974  807263.05978896]
 [-174829.60922385  -71168.1759558   590796.30923233  145298.57460082
   807263.05978896  830289.49583487]]
====
(array([ -4.37038967e-10,   5.46490510e-06,   1.64134429e-03,
         2.39813898e+01,   2.21761099e+05,   2.13711272e+06]), array([[ -9.25868026e-06,   8.88635619e-01,   3.42119019e-02,
          2.19830655e-01,   3.83903672e-01,  -1.15968688e-01],
       [  5.00002935e-01,  -3.14795402e-01,  -3.84225346e-01,
          9.20572900e-02,   7.03015253e-01,  -2.38078447e-02],
       [ -4.99997498e-01,  -2.23238873e-01,   1.81260989e-01,
          6.09487574e-01,   2.90478595e-01,   4.59846110e-01],
       [ -4.99999995e-01,  -3.91816284e-04,   8.14219408e-04,
         -7.25246962e-01,   4.55237334e-01,   1.29518348e-01],
       [  4.99999571e-01,   9.11856216e-02,   5.66298702e-01,
         -2.07816678e-01,   4.27006765e-02,   6.13172302e-01],
       [ -3.06190149e-06,   2.30391030e-01,  -7.05443124e-01,
         -5.05362133e-02,  -2.54843743e-01,   6.17875983e-01]]))
====
1.23664152708e+16
====
False
