[[  63890.92042696   68390.6391601   -92814.07887817    6920.50323442
  -154284.21480385 -181843.82288036]
 [  68390.6391601   115258.94173062   22767.52144096   66963.55770815
   -25527.86258151  -74025.30314909]
 [ -92814.07887817   22767.52144096  489508.09801954  162878.27721836
   629618.85379694  614493.86899903]
 [   6920.50323442   66963.55770815  162878.27721836   85102.70701825
   181017.42652847  151125.39529607]
 [-154284.21480386  -25527.86258151  629618.85379694  181017.42652847
   836164.14290691  839644.56744419]
 [-181843.82288036  -74025.30314909  614493.86899903  151125.39529607
   839644.56744419  863595.65909627]]
====
(array([ -4.25812892e-10,   5.68398599e-06,   1.70720649e-03,
         2.49435850e+01,   2.30658902e+05,   2.22283662e+06]), array([[ -2.01240436e-05,   8.88635532e-01,   3.42140727e-02,
          2.19830745e-01,   3.83903365e-01,  -1.15969557e-01],
       [  5.00006767e-01,  -3.14788324e-01,  -3.84226183e-01,
          9.20573309e-02,   7.03015180e-01,  -2.38094309e-02],
       [ -4.99994760e-01,  -2.23245444e-01,   1.81260289e-01,
          6.09487689e-01,   2.90479505e-01,   4.59845445e-01],
       [ -4.99999990e-01,  -3.97929916e-04,   8.14436073e-04,
         -7.25246865e-01,   4.55237776e-01,   1.29517334e-01],
       [  4.99998482e-01,   9.11903161e-02,   5.66298963e-01,
         -2.07816507e-01,   4.27021010e-02,   6.13172210e-01],
       [ -5.91206147e-06,   2.30392800e-01,  -7.05442533e-01,
         -5.05364438e-02,  -2.54842339e-01,   6.17876558e-01]]))
====
1.23664152708e+16
====
False
