[[  66355.61491166   71029.16718277  -96393.82379142    7187.83362475
  -160235.15734944 -188858.03653688]
 [  71029.16718277  119705.24884442   23644.6597357    69546.46244709
   -26514.12666163  -76882.43034238]
 [ -96393.82379142   23644.6597357   508385.03813983  169158.95280136
   653899.3312055   638191.42876573]
 [   7187.83362475   69546.46244709  169158.95280136   88384.73044268
   187997.22079696  156952.21599132]
 [-160235.15734944  -26514.12666163  653899.3312055   187997.22079696
   868410.67866409  872026.07509943]
 [-188858.03653688  -76882.43034238  638191.42876573  156952.21599132
   872026.07509943  896901.82235766]]
====
(array([ -3.59264802e-10,   5.90394144e-06,   1.77306853e-03,
         2.59057803e+01,   2.39556705e+05,   2.30856052e+06]), array([[ -1.56338871e-05,   8.88635449e-01,   3.42161519e-02,
          2.19830829e-01,   3.83903081e-01,  -1.15970361e-01],
       [  5.00005156e-01,  -3.14789927e-01,  -3.84226988e-01,
          9.20573688e-02,   7.03015113e-01,  -2.38108992e-02],
       [ -4.99995878e-01,  -2.23243356e-01,   1.81259629e-01,
          6.09487796e-01,   2.90480348e-01,   4.59844830e-01],
       [ -4.99999992e-01,  -3.95403869e-04,   8.14642107e-04,
         -7.25246776e-01,   4.55238185e-01,   1.29516395e-01],
       [  4.99998973e-01,   9.11864319e-02,   5.66299206e-01,
         -2.07816349e-01,   4.27034198e-02,   6.13172124e-01],
       [ -4.78646204e-06,   2.30394494e-01,  -7.05441967e-01,
         -5.05366572e-02,  -2.54841040e-01,   6.17877090e-01]]))
====
1.23664152708e+16
====
False
