[[  68820.30939636   73667.69520545  -99973.56870467    7455.16401509
  -166186.09989503 -195872.2501934 ]
 [  73667.69520545  124151.55595822   24521.79803044   72129.36718603
   -27500.39074175  -79739.55753566]
 [ -99973.56870467   24521.79803044  527261.97826013  175439.62838437
   678179.80861406  661888.98853243]
 [   7455.16401509   72129.36718603  175439.62838437   91666.75386712
   194977.01506545  162779.03668657]
 [-166186.09989503  -27500.39074175  678179.80861406  194977.01506545
   900657.21442126  904407.58275466]
 [-195872.2501934   -79739.55753566  661888.98853243  162779.03668657
   904407.58275466  930207.98561906]]
====
(array([ -4.65736741e-10,   6.12305385e-06,   1.83893079e-03,
         2.68679756e+01,   2.48454508e+05,   2.39428442e+06]), array([[ -4.44172766e-05,  -8.88635373e-01,  -3.42180395e-02,
          2.19830906e-01,   3.83902817e-01,  -1.15971108e-01],
       [  5.00015345e-01,   3.14772893e-01,   3.84227705e-01,
          9.20574040e-02,   7.03015051e-01,  -2.38122624e-02],
       [ -4.99988643e-01,   2.23259949e-01,  -1.81259012e-01,
          6.09487895e-01,   2.90481130e-01,   4.59844259e-01],
       [ -4.99999979e-01,   4.11598889e-04,  -8.14818262e-04,
         -7.25246693e-01,   4.55238565e-01,   1.29515523e-01],
       [  4.99996031e-01,  -9.12013932e-02,  -5.66299443e-01,
         -2.07816202e-01,   4.27046442e-02,   6.13172044e-01],
       [ -1.22632725e-05,  -2.30396032e-01,   7.05441454e-01,
         -5.05368553e-02,  -2.54839833e-01,   6.17877585e-01]]))
====
1.23664152708e+16
====
False
