[[  71285.00388105   76306.22322812 -103553.31361792    7722.49440542
  -172137.04244062 -202886.46384992]
 [  76306.22322812  128597.86307202   25398.93632518   74712.27192498
   -28486.65482187  -82596.68472895]
 [-103553.31361792   25398.93632518  546138.91838043  181720.30396737
   702460.28602262  685586.54829913]
 [   7722.49440542   74712.27192498  181720.30396737   94948.77729155
   201956.80933394  168605.85738182]
 [-172137.04244062  -28486.65482187  702460.28602262  201956.80933394
   932903.75017843  936789.0904099 ]
 [-202886.46384992  -82596.68472895  685586.54829913  168605.85738182
   936789.0904099   963514.14888046]]
====
(array([ -2.16946390e-10,   6.34247548e-06,   1.90479289e-03,
         2.78301708e+01,   2.57352311e+05,   2.48000832e+06]), array([[ -2.25945347e-05,   8.88635304e-01,   3.42197884e-02,
          2.19830978e-01,   3.83902571e-01,  -1.15971803e-01],
       [  5.00007594e-01,  -3.14784395e-01,  -3.84228388e-01,
          9.20574367e-02,   7.03014993e-01,  -2.38135314e-02],
       [ -4.99994115e-01,  -2.23248040e-01,   1.81258458e-01,
          6.09487987e-01,   2.90481858e-01,   4.59843727e-01],
       [ -4.99999989e-01,  -3.99320556e-04,   8.15000665e-04,
         -7.25246616e-01,   4.55238919e-01,   1.29514712e-01],
       [  4.99998301e-01,   9.11879718e-02,   5.66299644e-01,
         -2.07816065e-01,   4.27057839e-02,   6.13171970e-01],
       [ -6.64480987e-06,   2.30397458e-01,  -7.05440977e-01,
         -5.05370397e-02,  -2.54838711e-01,   6.17878045e-01]]))
====
1.23664152708e+16
====
False
