[[  7334.57524345   7850.15005713 -10657.69665093    793.0377151
  -17714.80899296 -20878.15323854]
 [  7850.15005713  13237.94237282   2637.15854287   7697.59830253
   -2903.18552742  -8473.49940513]
 [-10657.69665093   2637.15854287  56276.50004741  18735.00476043
   72374.34626497  70627.3938356 ]
 [   793.0377151    7697.59830253  18735.00476043   9786.04351174
   20823.44996964  17387.23793766]
 [-17714.80899296  -2903.18552742  72374.34626497  20823.44996964
   96100.98176203  96488.13117839]
 [-20878.15323854  -8473.49940513  70627.3938356   17387.23793766
   96488.13117839  99226.58231493]]
====
(array([  1.84063975e-11,   6.54256719e-07,   1.96385274e-04,
         2.86828161e+00,   2.64966451e+04,   2.55463112e+05]), array([[  2.14420475e-05,   8.88643021e-01,   3.40191171e-02,
          2.19824558e-01,   3.83943674e-01,  -1.15847739e-01],
       [  4.99992463e-01,  -3.14898422e-01,  -3.84152365e-01,
          9.20543016e-02,   7.03024260e-01,  -2.35876404e-02],
       [ -5.00005416e-01,  -2.23181720e-01,   1.81324842e-01,
          6.09476165e-01,   2.90345198e-01,   4.59939425e-01],
       [ -5.00000009e-01,  -3.73695505e-04,   7.96424049e-04,
         -7.25255293e-01,   4.55184429e-01,   1.29657673e-01],
       [  5.00002111e-01,   9.12947353e-02,   5.66273960e-01,
         -2.07833429e-01,   4.25053673e-02,   6.13184738e-01],
       [  5.67256220e-06,   2.30233829e-01,  -7.05495662e-01,
         -5.05173062e-02,  -2.55037723e-01,   6.17796096e-01]]))
====
8.91791004367e+15
====
False
