[[  73749.69836575   78944.75125079 -107133.05853116    7989.82479575
  -178087.9849862  -209900.67750643]
 [  78944.75125079  133044.17018582   26276.07461992   77295.17666392
   -29472.91890199  -85453.81192223]
 [-107133.05853116   26276.07461992  565015.85850072  188000.97955037
   726740.76343118  709284.10806582]
 [   7989.82479575   77295.17666392  188000.97955037   98230.80071598
   208936.60360243  174432.67807707]
 [-178087.9849862   -29472.91890199  726740.76343118  208936.60360243
   965150.2859356   969170.59806513]
 [-209900.67750643  -85453.81192223  709284.10806582  174432.67807707
   969170.59806513  996820.31214186]]
====
(array([ -2.39185733e-10,   6.56148896e-06,   1.97065505e-03,
         2.87923660e+01,   2.66250114e+05,   2.56573222e+06]), array([[ -4.28674346e-05,  -8.88635238e-01,  -3.42214290e-02,
          2.19831045e-01,   3.83902342e-01,  -1.15972452e-01],
       [  5.00014750e-01,   3.14772258e-01,   3.84229037e-01,
          9.20574673e-02,   7.03014939e-01,  -2.38147156e-02],
       [ -4.99989009e-01,   2.23259793e-01,  -1.81257947e-01,
          6.09488073e-01,   2.90482538e-01,   4.59843231e-01],
       [ -4.99999980e-01,   4.10728081e-04,  -8.15179192e-04,
         -7.25246544e-01,   4.55239248e-01,   1.29513955e-01],
       [  4.99996259e-01,  -9.11983070e-02,  -5.66299824e-01,
         -2.07815938e-01,   4.27068474e-02,   6.13171901e-01],
       [ -1.19497743e-05,  -2.30398795e-01,   7.05440531e-01,
         -5.05372118e-02,  -2.54837663e-01,   6.17878474e-01]]))
====
1.23664152708e+16
====
False
