[[   76214.39285044    81583.27927347  -110712.80344441     8257.15518609
   -184038.92753179  -216914.89116295]
 [   81583.27927347   137490.47729962    27153.21291466    79878.08140286
    -30459.1829821    -88310.93911552]
 [ -110712.80344441    27153.21291465   583892.79862102   194281.65513338
    751021.24083975   732981.66783252]
 [    8257.15518609    79878.08140286   194281.65513338   101512.82414041
    215916.39787093   180259.49877232]
 [ -184038.92753179   -30459.1829821    751021.24083975   215916.39787093
    997396.82169278  1001552.10572037]
 [ -216914.89116295   -88310.93911552   732981.66783252   180259.49877232
   1001552.10572037  1030126.47540326]]
====
(array([ -6.04304814e-11,   6.78034878e-06,   2.03651726e-03,
         2.97545612e+01,   2.75147916e+05,   2.65145612e+06]), array([[ -4.78944599e-05,   8.88635175e-01,   3.42229856e-02,
          2.19831108e-01,   3.83902128e-01,  -1.15973059e-01],
       [  5.00016514e-01,  -3.14768738e-01,  -3.84229642e-01,
          9.20574958e-02,   7.03014888e-01,  -2.38158232e-02],
       [ -4.99987737e-01,  -2.23262949e-01,   1.81257454e-01,
          6.09488154e-01,   2.90483174e-01,   4.59842766e-01],
       [ -4.99999977e-01,  -4.13556957e-04,   8.15336559e-04,
         -7.25246476e-01,   4.55239557e-01,   1.29513247e-01],
       [  4.99995769e-01,   9.12001189e-02,   5.66300004e-01,
         -2.07815818e-01,   4.27078422e-02,   6.13171836e-01],
       [ -1.32850663e-05,   2.30400063e-01,  -7.05440108e-01,
         -5.05373727e-02,  -2.54836683e-01,   6.17878875e-01]]))
====
1.23664152708e+16
====
False
