[[   78514.77459107    84045.74960955  -114054.34071303     8506.43801332
   -189593.65230926  -223461.93044999]
 [   84045.74960955   141640.22366039    27972.20041052    82288.80450933
    -31379.21874055   -90977.05571049]
 [ -114054.34071303    27972.20041052   601514.24681798   200144.69729001
    773686.74369748   755102.94585357]
 [    8506.43801332    82288.80450933   200144.69729001   104576.37462954
    222432.26741023   185699.24440411]
 [ -189593.65230926   -31379.21874055   773686.74369748   222432.26741023
   1027498.22984825  1031779.24596817]
 [ -223461.93044999   -90977.05571049   755102.94585357   185699.24440411
   1031779.24596817  1061216.36218538]]
====
(array([ -4.52729622e-11,   6.98587150e-06,   2.09797741e-03,
         3.06525399e+01,   2.83452333e+05,   2.73147722e+06]), array([[ -3.45363961e-05,   8.88635152e-01,   3.42236043e-02,
          2.19831125e-01,   3.83902031e-01,  -1.15973349e-01],
       [  5.00011757e-01,  -3.14775980e-01,  -3.84229907e-01,
          9.20575041e-02,   7.03014866e-01,  -2.38163510e-02],
       [ -4.99991080e-01,  -2.23255563e-01,   1.81257291e-01,
          6.09488183e-01,   2.90483490e-01,   4.59842543e-01],
       [ -4.99999984e-01,  -4.06043922e-04,   8.15416636e-04,
         -7.25246454e-01,   4.55239687e-01,   1.29512912e-01],
       [  4.99997178e-01,   9.11922008e-02,   5.66300048e-01,
         -2.07815775e-01,   4.27083114e-02,   6.13171806e-01],
       [ -9.87101794e-06,   2.30400565e-01,  -7.05439940e-01,
         -5.05374238e-02,  -2.54836217e-01,   6.17879067e-01]]))
====
1.23664152708e+16
====
False
