[[   80979.46907577    86684.27763223  -117634.08562627     8773.76840365
   -195544.59485485  -230476.14410651]
 [   86684.27763223   146086.53077419    28849.33870526    84871.70924827
    -32365.48282066   -93834.18290377]
 [ -117634.08562627    28849.33870526   620391.18693828   206425.37287301
    797967.22110604   778800.50562026]
 [    8773.76840365    84871.70924827   206425.37287301   107858.39805398
    229412.06167872   191526.06509936]
 [ -195544.59485485   -32365.48282066   797967.22110604   229412.06167872
   1059744.76560542  1064160.75362341]
 [ -230476.14410651   -93834.18290377   778800.50562027   191526.06509936
   1064160.75362341  1094522.52544678]]
====
(array([  1.19888493e-10,   7.20531987e-06,   2.16383943e-03,
         3.16147351e+01,   2.92350136e+05,   2.81720112e+06]), array([[ -3.42750958e-05,   8.88635099e-01,   3.42249326e-02,
          2.19831182e-01,   3.83901838e-01,  -1.15973892e-01],
       [  5.00011671e-01,  -3.14775537e-01,  -3.84230395e-01,
          9.20575299e-02,   7.03014821e-01,  -2.38173437e-02],
       [ -4.99991150e-01,  -2.23255695e-01,   1.81256835e-01,
          6.09488256e-01,   2.90484060e-01,   4.59842127e-01],
       [ -4.99999984e-01,  -4.05895941e-04,   8.15528213e-04,
         -7.25246393e-01,   4.55239965e-01,   1.29512277e-01],
       [  4.99997194e-01,   9.11911840e-02,   5.66300233e-01,
         -2.07815668e-01,   4.27092031e-02,   6.13171748e-01],
       [ -9.78890983e-06,   2.30401649e-01,  -7.05439578e-01,
         -5.05375688e-02,  -2.54835339e-01,   6.17879427e-01]]))
====
1.23664152708e+16
====
False
