[[   83443.51077316    89321.96054408  -121213.29646442     9040.81655671
   -201494.44045179  -237488.91175213]
 [   89321.96054408   150531.44534598    29726.30518574    87453.824559
    -33351.31560124   -96690.29163402]
 [ -121213.29646442    29726.30518574   639265.19275363   212705.05305195
    822243.94061984   802494.41307888]
 [    9040.81655671    87453.824559     212705.05305195   111139.69688925
    236390.9253822    197352.29835702]
 [ -201494.44045179   -33351.31560124   822243.94061984   236390.9253822
   1091986.18160328  1096537.00306994]
 [ -237488.91175213   -96690.29163402   802494.41307888   197352.29835702
   1096537.00306994  1127823.04408611]]
====
(array([ -2.67762941e-11,   7.42484338e-06,   2.22966819e-03,
         3.25765498e+01,   3.01245182e+05,   2.90291131e+06]), array([[ -4.99478763e-05,   8.88635071e-01,   3.42256213e-02,
          2.19831206e-01,   3.83901703e-01,  -1.15974296e-01],
       [  5.00017224e-01,  -3.14766412e-01,  -3.84230653e-01,
          9.20575413e-02,   7.03014790e-01,  -2.38180790e-02],
       [ -4.99987212e-01,  -2.23264657e-01,   1.81256604e-01,
          6.09488296e-01,   2.90484501e-01,   4.59841816e-01],
       [ -4.99999976e-01,  -4.14716646e-04,   8.15590275e-04,
         -7.25246363e-01,   4.55240146e-01,   1.29511811e-01],
       [  4.99995585e-01,   9.11995507e-02,   5.66300324e-01,
         -2.07815608e-01,   4.27098566e-02,   6.13171706e-01],
       [ -1.38515553e-05,   2.30402211e-01,  -7.05439390e-01,
         -5.05376389e-02,  -2.54834691e-01,   6.17879693e-01]]))
====
2.37403996632e+16
====
False
