[[   85906.89968326    91958.7983451   -124791.97322747     9307.5824725
   -207443.18910007  -244500.23338685]
 [   91958.7983451    154974.96737576    30603.09985196    90035.15044152
    -34336.71708228   -99545.38190124]
 [ -124791.97322747    30603.09985196   658136.26426403   218983.73782682
    846516.90223889   826184.66822943]
 [    9307.5824725     90035.15044152   218983.73782682   114420.27113536
    243368.85852066   203177.9441771 ]
 [ -207443.18910007   -34336.71708228   846516.90223889   243368.85852066
   1124222.47784183  1128907.99430777]
 [ -244500.23338685   -99545.38190124   826184.66822943   203177.9441771
   1128907.99430777  1161117.91810339]]
====
(array([ -2.44367490e-10,   7.64295273e-06,   2.29546356e-03,
         3.35379839e+01,   3.10137472e+05,   2.98860779e+06]), array([[ -3.32251872e-05,  -8.88635071e-01,  -3.42256866e-02,
          2.19831199e-01,   3.83901621e-01,  -1.15974572e-01],
       [  5.00011304e-01,   3.14775792e-01,   3.84230674e-01,
          9.20575395e-02,   7.03014773e-01,  -2.38185790e-02],
       [ -4.99991416e-01,   2.23255257e-01,  -1.81256573e-01,
          6.09488308e-01,   2.90484826e-01,   4.59841601e-01],
       [ -4.99999984e-01,   4.05312085e-04,  -8.15593830e-04,
         -7.25246360e-01,   4.55240239e-01,   1.29511499e-01],
       [  4.99997295e-01,  -9.11900965e-02,  -5.66300339e-01,
         -2.07815592e-01,   4.27102922e-02,   6.13171679e-01],
       [ -9.50812104e-06,  -2.30402265e-01,   7.05439372e-01,
         -5.05376405e-02,  -2.54834253e-01,   6.17879875e-01]]))
====
2.37403996632e+16
====
False
