[[   88370.28859336    94595.63614613  -128370.64999052     9574.3483883
   -213391.93774835  -251511.55502157]
 [   94595.63614613   159418.48940554    31479.89451818    92616.47632405
    -35322.11856331  -102400.47216846]
 [ -128370.64999052    31479.89451817   677007.33577443   225262.42260169
    870789.86385794   849874.92337997]
 [    9574.3483883     92616.47632405   225262.42260169   117700.84538148
    250346.79165912   209003.58999717]
 [ -213391.93774835   -35322.11856332   870789.86385794   250346.79165912
   1156458.77408038  1161278.9855456 ]
 [ -251511.55502157  -102400.47216846   849874.92337997   209003.58999717
   1161278.9855456   1194412.79212066]]
====
(array([  7.15222476e-11,   7.86181535e-06,   2.36125869e-03,
         3.44994181e+01,   3.19029762e+05,   3.07430426e+06]), array([[ -1.71410473e-06,  -8.88635072e-01,  -3.42257178e-02,
          2.19831193e-01,   3.83901543e-01,  -1.15974832e-01],
       [  5.00000148e-01,   3.14793507e-01,   3.84230679e-01,
          9.20575378e-02,   7.03014756e-01,  -2.38190511e-02],
       [ -4.99999335e-01,   2.23237530e-01,  -1.81256549e-01,
          6.09488318e-01,   2.90485133e-01,   4.59841398e-01],
       [ -4.99999998e-01,   3.87586266e-04,  -8.15594111e-04,
         -7.25246357e-01,   4.55240327e-01,   1.29511205e-01],
       [  5.00000519e-01,  -9.11723431e-02,  -5.66300353e-01,
         -2.07815577e-01,   4.27107036e-02,   6.13171654e-01],
       [ -1.32641183e-06,  -2.30402292e-01,   7.05439362e-01,
         -5.05376420e-02,  -2.54833839e-01,   6.17880046e-01]]))
====
2.37403996632e+16
====
False
