[[   90832.65809991    97231.38276714  -131947.84581857     9841.0039112
   -219338.22467451  -258519.9752187 ]
 [   97231.38276714   163860.17323019    32356.32816941    95196.73486683
    -36307.11019395  -105254.3791445 ]
 [ -131947.84581857    32356.32816941   695870.60337736   231538.51167223
    895052.78688019   873555.38025724]
 [    9841.0039112     95196.73486683   231538.51167223   120980.06327164
    257321.84007704   214826.82755038]
 [ -219338.22467451   -36307.11019395   895052.78688019   257321.84007704
   1188681.73715117  1193636.58695214]
 [ -258519.9752187   -105254.3791445    873555.38025724   214826.82755038
   1193636.58695214  1227693.8931837 ]]
====
(array([ -5.83484051e-11,   8.08069913e-06,   2.42702665e-03,
         3.54604548e+01,   3.27918374e+05,   3.15996529e+06]), array([[ -1.18241755e-05,   8.88635072e-01,   3.42257324e-02,
          2.19831188e-01,   3.83901469e-01,  -1.15975077e-01],
       [  5.00003742e-01,  -3.14787811e-01,  -3.84230670e-01,
          9.20575362e-02,   7.03014741e-01,  -2.38194961e-02],
       [ -4.99996802e-01,  -2.23243218e-01,   1.81256520e-01,
          6.09488328e-01,   2.90485422e-01,   4.59841206e-01],
       [ -4.99999994e-01,  -3.93278427e-04,   8.15585055e-04,
         -7.25246355e-01,   4.55240410e-01,   1.29510928e-01],
       [  4.99999463e-01,   9.11780188e-02,   5.66300374e-01,
         -2.07815563e-01,   4.27110914e-02,   6.13171630e-01],
       [ -3.92352189e-06,   2.30402305e-01,  -7.05439357e-01,
         -5.05376434e-02,  -2.54833450e-01,   6.17880207e-01]]))
====
8.90464157852e+15
====
False
