[[   93290.94999229    99862.76466812  -135519.11790659    10107.21786253
   -225274.66471218  -265516.7896655 ]
 [   99862.76466812   168294.50423435    33231.31776069    97772.72405067
    -37290.46242298  -108103.55295584]
 [ -135519.11790659    33231.31776069   714702.65535046   237804.21792543
    919275.5555152    897196.64404147]
 [   10107.21786253    97772.72405067   237804.21792543   124253.85573799
    264285.34961275   220640.43203616]
 [ -225274.66471218   -37290.46242298   919275.5555152    264285.34961275
   1220851.36755093  1225940.62903348]
 [ -265516.7896655   -108103.55295584   897196.64404147   220640.43203616
   1225940.62903348  1260919.9024298 ]]
====
(array([ -8.18548823e-12,   8.29971034e-06,   2.49268576e-03,
         3.64199019e+01,   3.36792272e+05,   3.24548454e+06]), array([[ -4.36322550e-05,   8.88635071e-01,   3.42257749e-02,
          2.19831182e-01,   3.83901400e-01,  -1.15975306e-01],
       [  5.00014992e-01,  -3.14769893e-01,  -3.84230710e-01,
          9.20575346e-02,   7.03014727e-01,  -2.38199118e-02],
       [ -4.99988802e-01,  -2.23261122e-01,   1.81256525e-01,
          6.09488338e-01,   2.90485693e-01,   4.59841027e-01],
       [ -4.99999979e-01,  -4.11180502e-04,   8.15614752e-04,
         -7.25246353e-01,   4.55240487e-01,   1.29510668e-01],
       [  4.99996224e-01,   9.11958869e-02,   5.66300358e-01,
         -2.07815549e-01,   4.27114536e-02,   6.13171607e-01],
       [ -1.22028886e-05,   2.30402340e-01,  -7.05439345e-01,
         -5.05376443e-02,  -2.54833086e-01,   6.17880358e-01]]))
====
8.90464157852e+15
====
False
