[[   95753.08344006   102498.43424211  -139095.47368975    10374.10167726
   -231219.8062546   -272524.04363813]
 [  102498.43424211   172736.02090429    34107.59657405   100352.86256757
    -38275.56176267  -110957.49879635]
 [ -139095.47368975    34107.59657405   733561.64021188   244078.90577652
    943532.94941434   920871.68541518]
 [   10374.10167726   100352.86256757   244078.90577652   127532.58677918
    271258.62998812   226461.96624762]
 [ -231219.8062546    -38275.56176267   943532.94941434   271258.62998812
   1253067.14116513  1258291.15045915]
 [ -272524.04363813  -110957.49879635   920871.68541518   226461.96624762
   1258291.15045915  1294194.00408507]]
====
(array([ -1.41106140e-10,   8.51903154e-06,   2.55846675e-03,
         3.73809978e+01,   3.45680513e+05,   3.33112658e+06]), array([[ -4.96081939e-05,   8.88635041e-01,   3.42265285e-02,
          2.19831208e-01,   3.83901287e-01,  -1.15975639e-01],
       [  5.00017076e-01,  -3.14766194e-01,  -3.84231036e-01,
          9.20575466e-02,   7.03014700e-01,  -2.38205183e-02],
       [ -4.99987284e-01,  -2.23264643e-01,   1.81256324e-01,
          6.09488376e-01,   2.90486050e-01,   4.59840771e-01],
       [ -4.99999977e-01,  -4.14545681e-04,   8.15720234e-04,
         -7.25246322e-01,   4.55240645e-01,   1.29510283e-01],
       [  4.99995661e-01,   9.11987588e-02,   5.66300410e-01,
         -2.07815493e-01,   4.27119949e-02,   6.13171572e-01],
       [ -1.38158340e-05,   2.30402953e-01,  -7.05439140e-01,
         -5.05377149e-02,  -2.54832550e-01,   6.17880578e-01]]))
====
1.23664152708e+16
====
False
