[[   9801.89738805   10491.4339897   -14241.41952753    1060.57060298
   -23672.28291425  -27900.00552402]
 [  10491.4339897    17689.20023241    3516.120857     10283.62805776
    -3889.45131765  -11332.71846397]
 [ -14241.41952753    3516.120857     75176.91485685   25023.8495486
    96684.64354845   94353.74677139]
 [   1060.57060298   10283.62805776   25023.8495486    13072.20040814
    27812.42189898   23221.83773797]
 [ -23672.28291425   -3889.45131765   96684.64354845   27812.42189898
   128386.51676508  128908.30297333]
 [ -27900.00552402  -11332.71846397   94353.74677139   23221.83773797
   128908.30297333  132571.9599892 ]]
====
(array([  4.49271150e-12,   8.73815369e-07,   2.62331389e-04,
         3.83166954e+00,   3.54045378e+04,   3.41290320e+05]), array([[  4.07057124e-05,   8.88640839e-01,   3.40755824e-02,
          2.19826471e-01,   3.83932803e-01,  -1.15880275e-01],
       [  4.99985570e-01,  -3.14884161e-01,  -3.84173664e-01,
          9.20552228e-02,   7.03021800e-01,  -2.36468981e-02],
       [ -5.00010220e-01,  -2.23182610e-01,   1.81306089e-01,
          6.09479428e-01,   2.90380802e-01,   4.59914363e-01],
       [ -5.00000017e-01,  -3.63041280e-04,   8.01559376e-04,
         -7.25252837e-01,   4.55199029e-01,   1.29620120e-01],
       [  5.00004191e-01,   9.12468983e-02,   5.66281274e-01,
         -2.07828631e-01,   4.25580303e-02,   6.13181380e-01],
       [  1.05347377e-05,   2.30279871e-01,  -7.05480282e-01,
         -5.05229440e-02,  -2.54985489e-01,   6.17817598e-01]]))
====
7.63506983144e+15
====
False
