[[   98217.77792476   105136.96226478  -142675.218603      10641.43206759
   -237170.74880019  -279538.25729464]
 [  105136.96226478   177182.32801809    34984.73486879   102935.76730652
    -39261.82584278  -113814.62598964]
 [ -142675.218603      34984.73486879   752438.58033217   250359.58135952
    967813.4268229    944569.24518188]
 [   10641.43206759   102935.76730652   250359.58135952   130814.61020362
    278238.42425662   232288.78694287]
 [ -237170.74880019   -39261.82584279   967813.4268229    278238.42425662
   1285313.6769223   1290672.65811439]
 [ -279538.25729464  -113814.62598964   944569.24518188   232288.78694287
   1290672.65811439  1327500.16734647]]
====
(array([ -3.28246850e-10,   8.73811227e-06,   2.62432900e-03,
         3.83431930e+01,   3.54578316e+05,   3.41685048e+06]), array([[ -5.32380965e-05,   8.88634994e-01,   3.42276838e-02,
          2.19831253e-01,   3.83901147e-01,  -1.15976030e-01],
       [  5.00018335e-01,  -3.14763639e-01,  -3.84231503e-01,
          9.20575668e-02,   7.03014667e-01,  -2.38212322e-02],
       [ -4.99986358e-01,  -2.23266930e-01,   1.81255984e-01,
          6.09488431e-01,   2.90486456e-01,   4.59840473e-01],
       [ -4.99999975e-01,  -4.16588613e-04,   8.15849491e-04,
         -7.25246276e-01,   4.55240849e-01,   1.29509825e-01],
       [  4.99995329e-01,   9.12000489e-02,   5.66300523e-01,
         -2.07815412e-01,   4.27126377e-02,   6.13171530e-01],
       [ -1.48084349e-05,   2.30403893e-01,  -7.05438827e-01,
         -5.05378272e-02,  -2.54831918e-01,   6.17880837e-01]]))
====
1.23664152708e+16
====
False
