[[  100682.47240945   107775.49028745  -146254.96351625    10908.76245792
   -243121.69134578  -286552.47095116]
 [  107775.49028745   181628.63513189    35861.87316353   105518.67204546
    -40248.0899229   -116671.75318292]
 [ -146254.96351625    35861.87316352   771315.52045247   256640.25694252
    992093.90423147   968266.80494857]
 [   10908.76245792   105518.67204546   256640.25694252   134096.63362805
    285218.21852511   238115.60763812]
 [ -243121.69134578   -40248.0899229    992093.90423147   285218.21852511
   1317560.21267947  1323054.16576962]
 [ -286552.47095116  -116671.75318292   968266.80494857   238115.60763812
   1323054.16576962  1360806.33060787]]
====
(array([ -2.61264276e-10,   8.95677239e-06,   2.69019143e-03,
         3.93053882e+01,   3.63476119e+05,   3.50257438e+06]), array([[ -5.24179291e-05,   8.88634950e-01,   3.42287944e-02,
          2.19831295e-01,   3.83901014e-01,  -1.15976402e-01],
       [  5.00017997e-01,  -3.14763606e-01,  -3.84231980e-01,
          9.20575860e-02,   7.03014635e-01,  -2.38219112e-02],
       [ -4.99986540e-01,  -2.23266704e-01,   1.81255688e-01,
          6.09488483e-01,   2.90486841e-01,   4.59840189e-01],
       [ -4.99999975e-01,  -4.16128801e-04,   8.16002139e-04,
         -7.25246231e-01,   4.55241044e-01,   1.29509390e-01],
       [  4.99995485e-01,   9.11988656e-02,   5.66300601e-01,
         -2.07815335e-01,   4.27132491e-02,   6.13171490e-01],
       [ -1.46871829e-05,   2.30404796e-01,  -7.05438526e-01,
         -5.05379339e-02,  -2.54831317e-01,   6.17881083e-01]]))
====
1.23664152708e+16
====
False
