[[  103147.16689415   110414.01831013  -149834.70842949    11176.09284826
   -249072.63389136  -293566.68460768]
 [  110414.01831013   186074.94224569    36739.01145826   108101.5767844
    -41234.35400302  -119528.88037621]
 [ -149834.70842949    36739.01145826   790192.46057277   262920.93252553
   1016374.38164003   991964.36471527]
 [   11176.09284826   108101.5767844    262920.93252553   137378.65705248
    292198.0127936    243942.42833337]
 [ -249072.63389136   -41234.35400302  1016374.38164003   292198.0127936
   1349806.74843665  1355435.67342486]
 [ -293566.68460768  -119528.88037621   991964.36471527   243942.42833337
   1355435.67342486  1394112.49386926]]
====
(array([ -3.15690458e-10,   9.17652902e-06,   2.75605345e-03,
         4.02675833e+01,   3.72373921e+05,   3.58829828e+06]), array([[ -4.38525184e-05,  -8.88634910e-01,  -3.42298224e-02,
          2.19831335e-01,   3.83900887e-01,  -1.15976756e-01],
       [  5.00014951e-01,   3.14767970e-01,   3.84232380e-01,
          9.20576043e-02,   7.03014605e-01,  -2.38225578e-02],
       [ -4.99988686e-01,   2.23262102e-01,  -1.81255367e-01,
          6.09488532e-01,   2.90487208e-01,   4.59839919e-01],
       [ -4.99999979e-01,   4.11309189e-04,  -8.16102254e-04,
         -7.25246189e-01,   4.55241229e-01,   1.29508976e-01],
       [  4.99996382e-01,  -9.11933760e-02,  -5.66300717e-01,
         -2.07815261e-01,   4.27138312e-02,   6.13171452e-01],
       [ -1.24887220e-05,  -2.30405633e-01,   7.05438247e-01,
         -5.05380356e-02,  -2.54830744e-01,   6.17881317e-01]]))
====
1.23664152708e+16
====
False
