[[  105611.86137884   113052.5463328   -153414.45334274    11443.42323859
   -255023.57643695  -300580.8982642 ]
 [  113052.5463328    190521.24935949    37616.149753     110684.48152335
    -42220.61808314  -122386.0075695 ]
 [ -153414.45334274    37616.149753     809069.40069306   269201.60810853
   1040654.85904859  1015661.92448197]
 [   11443.42323859   110684.48152335   269201.60810853   140660.68047691
    299177.80706209   249769.24902862]
 [ -255023.57643695   -42220.61808314  1040654.85904859   299177.80706209
   1382053.28419382  1387817.18108009]
 [ -300580.8982642   -122386.0075695   1015661.92448197   249769.24902862
   1387817.18108009  1427418.65713066]]
====
(array([ -5.17564749e-10,   9.39549153e-06,   2.82191545e-03,
         4.12297785e+01,   3.81271724e+05,   3.67402218e+06]), array([[ -5.09518049e-05,  -8.88634872e-01,  -3.42307465e-02,
          2.19831374e-01,   3.83900766e-01,  -1.15977093e-01],
       [  5.00017472e-01,   3.14763566e-01,   3.84232718e-01,
          9.20576217e-02,   7.03014577e-01,  -2.38231741e-02],
       [ -4.99986905e-01,   2.23266291e-01,  -1.81255054e-01,
          6.09488580e-01,   2.90487558e-01,   4.59839661e-01],
       [ -4.99999976e-01,   4.15302579e-04,  -8.16175074e-04,
         -7.25246149e-01,   4.55241405e-01,   1.29508581e-01],
       [  4.99995644e-01,  -9.11967662e-02,  -5.66300846e-01,
         -2.07815190e-01,   4.27143862e-02,   6.13171416e-01],
       [ -1.43184120e-05,  -2.30406385e-01,   7.05437996e-01,
         -5.05381325e-02,  -2.54830198e-01,   6.17881541e-01]]))
====
1.23664152708e+16
====
False
