[[  108076.55586354   115691.07435547  -156994.19825599    11710.75362892
   -260974.51898254  -307595.11192071]
 [  115691.07435547   194967.55647329    38493.28804774   113267.38626229
    -43206.88216326  -125243.13476278]
 [ -156994.19825599    38493.28804774   827946.34081336   275482.28369153
   1064935.33645715  1039359.48424867]
 [   11710.75362892   113267.38626229   275482.28369153   143942.70390134
    306157.60133059   255596.06972387]
 [ -260974.51898254   -43206.88216326  1064935.33645715   306157.60133059
   1414299.81995099  1420198.68873533]
 [ -307595.11192072  -125243.13476278  1039359.48424867   255596.06972387
   1420198.68873533  1460724.82039206]]
====
(array([ -5.36725998e-10,   9.61475877e-06,   2.88777788e-03,
         4.21919736e+01,   3.90169527e+05,   3.75974608e+06]), array([[ -4.72509509e-05,  -8.88634833e-01,  -3.42317386e-02,
          2.19831411e-01,   3.83900651e-01,  -1.15977415e-01],
       [  5.00016130e-01,   3.14765208e-01,   3.84233128e-01,
          9.20576383e-02,   7.03014549e-01,  -2.38237624e-02],
       [ -4.99987819e-01,   2.23264418e-01,  -1.81254774e-01,
          6.09488625e-01,   2.90487891e-01,   4.59839415e-01],
       [ -4.99999977e-01,   4.13221152e-04,  -8.16292601e-04,
         -7.25246110e-01,   4.55241574e-01,   1.29508204e-01],
       [  4.99996070e-01,  -9.11940389e-02,  -5.66300931e-01,
         -2.07815123e-01,   4.27149158e-02,   6.13171381e-01],
       [ -1.34170197e-05,  -2.30407192e-01,   7.05437727e-01,
         -5.05382250e-02,  -2.54829677e-01,   6.17881754e-01]]))
====
1.23664152708e+16
====
False
