[[  110541.25034823   118329.60237814  -160573.94316924    11978.08401926
   -266925.46152812  -314609.32557723]
 [  118329.60237814   199413.86358709    39370.42634248   115850.29100123
    -44193.14624338  -128100.26195607]
 [ -160573.94316924    39370.42634248   846823.28093366   281762.95927454
   1089215.81386571  1063057.04401537]
 [   11978.08401926   115850.29100123   281762.95927454   147224.72732577
    313137.39559908   261422.89041912]
 [ -266925.46152813   -44193.14624338  1089215.81386571   313137.39559908
   1446546.35570816  1452580.19639057]
 [ -314609.32557723  -128100.26195607  1063057.04401537   261422.89041912
   1452580.19639057  1494030.98365346]]
====
(array([ -6.84747029e-10,   9.83387254e-06,   2.95364003e-03,
         4.31541687e+01,   3.99067330e+05,   3.84546997e+06]), array([[ -7.14361979e-05,   8.88634798e-01,   3.42325608e-02,
          2.19831446e-01,   3.83900541e-01,  -1.15977723e-01],
       [  5.00024654e-01,  -3.14751232e-01,  -3.84233493e-01,
          9.20576542e-02,   7.03014523e-01,  -2.38243244e-02],
       [ -4.99981721e-01,  -2.23278202e-01,   1.81254557e-01,
          6.09488668e-01,   2.90488210e-01,   4.59839180e-01],
       [ -4.99999966e-01,  -4.26830687e-04,   8.16423031e-04,
         -7.25246073e-01,   4.55241735e-01,   1.29507844e-01],
       [  4.99993652e-01,   9.12071114e-02,   5.66300982e-01,
         -2.07815059e-01,   4.27154219e-02,   6.13171348e-01],
       [ -1.97692476e-05,   2.30407862e-01,  -7.05437504e-01,
         -5.05383134e-02,  -2.54829179e-01,   6.17881958e-01]]))
====
1.23664152708e+16
====
False
