[[  113005.94483293   120968.13040082  -164153.68808248    12245.41440959
   -272876.40407371  -321623.53923375]
 [  120968.13040082   203860.17070089    40247.56463722   118433.19574017
    -45179.4103235   -130957.38914935]
 [ -164153.68808248    40247.56463722   865700.22105395   288043.63485754
   1113496.29127428  1086754.60378206]
 [   12245.41440959   118433.19574018   288043.63485754   150506.75075021
    320117.18986757   267249.71111437]
 [ -272876.40407371   -45179.4103235   1113496.29127428   320117.18986757
   1478792.89146534  1484961.7040458 ]
 [ -321623.53923375  -130957.38914935  1086754.60378206   267249.71111437
   1484961.7040458   1527337.14691486]]
====
(array([ -8.11736486e-10,   1.00535275e-05,   3.01950219e-03,
         4.41163639e+01,   4.07965132e+05,   3.93119387e+06]), array([[ -9.22441384e-05,   8.88634766e-01,   3.42333014e-02,
          2.19831480e-01,   3.83900436e-01,  -1.15978017e-01],
       [  5.00031980e-01,  -3.14739192e-01,  -3.84233831e-01,
          9.20576694e-02,   7.03014498e-01,  -2.38248619e-02],
       [ -4.99976470e-01,  -2.23290068e-01,   1.81254366e-01,
          6.09488710e-01,   2.90488515e-01,   4.59838955e-01],
       [ -4.99999956e-01,  -4.38540033e-04,   8.16552844e-04,
         -7.25246038e-01,   4.55241888e-01,   1.29507500e-01],
       [  4.99991583e-01,   9.12183362e-02,   5.66301021e-01,
         -2.07814998e-01,   4.27159058e-02,   6.13171317e-01],
       [ -2.52494917e-05,   2.30408466e-01,  -7.05437301e-01,
         -5.05383979e-02,  -2.54828703e-01,   6.17882153e-01]]))
====
1.23664152708e+16
====
False
