[[  115470.63931763   123606.65842349  -167733.43299573    12512.74479992
   -278827.3466193   -328637.75289027]
 [  123606.65842349   208306.47781469    41124.70293196   121016.10047912
    -46165.67440361  -133814.51634264]
 [ -167733.43299573    41124.70293195   884577.16117425   294324.31044054
   1137776.76868284  1110452.16354876]
 [   12512.74479992   121016.10047912   294324.31044054   153788.77417464
    327096.98413606   273076.53180962]
 [ -278827.3466193    -46165.67440362  1137776.76868284   327096.98413606
   1511039.42722251  1517343.21170104]
 [ -328637.75289027  -133814.51634264  1110452.16354876   273076.53180962
   1517343.21170104  1560643.31017625]]
====
(array([ -8.11899647e-10,   1.02726526e-05,   3.08536495e-03,
         4.50785590e+01,   4.16862935e+05,   4.01691777e+06]), array([[ -9.42234099e-05,   8.88634735e-01,   3.42340866e-02,
          2.19831512e-01,   3.83900335e-01,  -1.15978299e-01],
       [  5.00032594e-01,  -3.14737726e-01,  -3.84234242e-01,
          9.20576840e-02,   7.03014474e-01,  -2.38253765e-02],
       [ -4.99975928e-01,  -2.23291352e-01,   1.81254225e-01,
          6.09488749e-01,   2.90488807e-01,   4.59838740e-01],
       [ -4.99999954e-01,  -4.39657557e-04,   8.16737415e-04,
         -7.25246004e-01,   4.55242036e-01,   1.29507170e-01],
       [  4.99991512e-01,   9.12189415e-02,   5.66301005e-01,
         -2.07814939e-01,   4.27163692e-02,   6.13171287e-01],
       [ -2.59303490e-05,   2.30409105e-01,  -7.05437088e-01,
         -5.05384788e-02,  -2.54828248e-01,   6.17882339e-01]]))
====
1.23664152708e+16
====
False
