[[  117918.80019147   126227.19597826  -171289.98728137    12777.86164649
   -284739.32161314  -335605.73232068]
 [  126227.19597826   212722.54036255    41996.10457832   123581.48219234
    -47144.95359188  -136651.93050056]
 [ -171289.98728137    41996.10457832   903331.65616105   300564.2199532
   1161899.77153593  1133996.04998034]
 [   12777.86164649   123581.48219234   300564.2199532    157049.08685303
    334031.82461389   278866.20234514]
 [ -284739.32161314   -47144.95359188  1161899.77153593   334031.82461389
   1543076.5497417   1549514.18282605]
 [ -335605.73232068  -136651.93050056  1133996.04998034   278866.20234514
   1549514.18282605  1593732.44096955]]
====
(array([ -7.18337677e-10,   1.04901940e-05,   3.15075484e-03,
         4.60340565e+01,   4.25700279e+05,   4.10208476e+06]), array([[ -9.75858980e-05,   8.88634740e-01,   3.42339701e-02,
          2.19831501e-01,   3.83900306e-01,  -1.15978407e-01],
       [  5.00033869e-01,  -3.14735889e-01,  -3.84234087e-01,
          9.20576796e-02,   7.03014469e-01,  -2.38255719e-02],
       [ -4.99975126e-01,  -2.23293212e-01,   1.81254150e-01,
          6.09488747e-01,   2.90488944e-01,   4.59838654e-01],
       [ -4.99999953e-01,  -4.41548344e-04,   8.16615112e-04,
         -7.25246010e-01,   4.55242061e-01,   1.29507050e-01],
       [  4.99991040e-01,   9.12209040e-02,   5.66301103e-01,
         -2.07814942e-01,   4.27165361e-02,   6.13171277e-01],
       [ -2.66412538e-05,   2.30409010e-01,  -7.05437119e-01,
         -5.05384616e-02,  -2.54828078e-01,   6.17882410e-01]]))
====
4.29015214012e+16
====
False
