[[  120366.96106532   128847.73353303  -174846.54156701    13042.97849306
   -290651.29660698  -342573.7117511 ]
 [  128847.73353303   217138.60291041    42867.50622468   126146.86390557
    -48124.23278015  -139489.34465848]
 [ -174846.54156701    42867.50622468   922086.15114784   306804.12946586
   1186022.77438902  1157539.93641192]
 [   13042.97849306   126146.86390557   306804.12946586   160309.39953143
    340966.66509172   284655.87288065]
 [ -290651.29660698   -48124.23278015  1186022.77438902   340966.66509172
   1575113.6722609   1581685.15395107]
 [ -342573.7117511   -139489.34465848  1157539.93641192   284655.87288065
   1581685.15395107  1626821.57176285]]
====
(array([ -3.32600647e-10,   1.07080965e-05,   3.21614475e-03,
         4.69895539e+01,   4.34537622e+05,   4.18725174e+06]), array([[ -1.11281124e-04,   8.88634744e-01,   3.42338492e-02,
          2.19831490e-01,   3.83900278e-01,  -1.15978511e-01],
       [  5.00038813e-01,  -3.14728240e-01,  -3.84233915e-01,
          9.20576753e-02,   7.03014463e-01,  -2.38257594e-02],
       [ -4.99971733e-01,  -2.23300885e-01,   1.81254062e-01,
          6.09488746e-01,   2.90489075e-01,   4.59838572e-01],
       [ -4.99999946e-01,  -4.49252284e-04,   8.16479288e-04,
         -7.25246016e-01,   4.55242084e-01,   1.29506935e-01],
       [  4.99989492e-01,   9.12286825e-02,   5.66301214e-01,
         -2.07814946e-01,   4.27166962e-02,   6.13171267e-01],
       [ -3.00113910e-05,   2.30408912e-01,  -7.05437152e-01,
         -5.05384450e-02,  -2.54827915e-01,   6.17882478e-01]]))
====
4.29015214012e+16
====
False
