[[  12271.71550266   13135.44761636  -17828.60432928    1328.45760007
   -29635.59434557  -34928.79868423]
 [  13135.44761636   22144.74813667    4395.07311186   12871.89821903
    -4877.77680577  -14195.79521804]
 [ -17828.60432928    4395.07311186   94093.06093966   31317.56580359
   121015.55363139  118100.53174316]
 [   1328.45760007   12871.89821903   31317.56580359   16361.03979258
    34806.70737715   29060.75462951]
 [ -29635.59434557   -4877.77680577  121015.55363139   34806.70737715
   160700.03781431  161357.08159072]
 [ -34928.79868423  -14195.79521804  118100.53174316   29060.75462951
   161357.08159072  165947.32102302]]
====
(array([ -8.13384946e-11,   1.09369505e-06,   3.28331071e-04,
         4.79586606e+00,   4.43208360e+04,   4.27192291e+05]), array([[  4.63296898e-05,   8.88639338e-01,   3.41143549e-02,
          2.19827783e-01,   3.83925337e-01,  -1.15902614e-01],
       [  4.99983620e-01,  -3.14870094e-01,  -3.84188168e-01,
          9.20558543e-02,   7.03020108e-01,  -2.36875856e-02],
       [ -5.00011655e-01,  -2.23187493e-01,   1.81293091e-01,
          6.09481669e-01,   2.90405247e-01,   4.59897153e-01],
       [ -5.00000020e-01,  -3.59999628e-04,   8.04967504e-04,
         -7.25251150e-01,   4.55209051e-01,   1.29594335e-01],
       [  5.00004703e-01,   9.12183234e-02,   5.66286415e-01,
         -2.07825335e-01,   4.25941895e-02,   6.13179073e-01],
       [  1.20747349e-05,   2.30311486e-01,  -7.05469720e-01,
         -5.05268165e-02,  -2.54949622e-01,   6.17832360e-01]]))
====
7.63506983144e+15
====
False
