[[  122774.36796405   131424.49297491  -178344.32835265    13303.45851374
   -296465.36281382  -349426.13203538]
 [  131424.49297491   221480.9480759     43724.53331421   128669.46115121
    -49086.95361048  -142279.18188211]
 [ -178344.32835265    43724.53331421   940530.82593646   312940.96541354
   1209747.25803579  1180694.86233384]
 [   13303.45851374   128669.46115121   312940.96541354   163515.6365679
    347787.14083022   290350.2675979 ]
 [ -296465.36281382   -49086.95361049  1209747.25803579   347787.14083022
   1606621.35247649  1613324.31181386]
 [ -349426.13203538  -142279.18188211  1180694.86233384   290350.2675979
   1613324.31181386  1659363.42564017]]
====
(array([ -8.40168708e-12,   1.09224025e-05,   3.28043079e-03,
         4.79290294e+01,   4.43227489e+05,   4.27101114e+06]), array([[ -1.00689559e-04,   8.88634768e-01,   3.42333147e-02,
          2.19831458e-01,   3.83900292e-01,  -1.15978511e-01],
       [  5.00035113e-01,  -3.14734440e-01,  -3.84233647e-01,
          9.20576617e-02,   7.03014469e-01,  -2.38257576e-02],
       [ -4.99974420e-01,  -2.23294807e-01,   1.81254171e-01,
          6.09488722e-01,   2.90489109e-01,   4.59838568e-01],
       [ -4.99999952e-01,  -4.43294883e-04,   8.16362265e-04,
         -7.25246041e-01,   4.55242042e-01,   1.29506944e-01],
       [  4.99990502e-01,   9.12230687e-02,   5.66301213e-01,
         -2.07814981e-01,   4.27166822e-02,   6.13171269e-01],
       [ -2.71667510e-05,   2.30408476e-01,  -7.05437297e-01,
         -5.05383793e-02,  -2.54827920e-01,   6.17882478e-01]]))
====
1.55190191828e+16
====
False
