[[  125116.13780986   133930.79441112  -181747.32561221    13556.54234033
   -302121.57768299  -356092.29675886]
 [  133930.79441112   225704.63934284    44558.38884096   131123.18691131
    -50023.06359056  -144992.48184523]
 [ -181747.32561221    44558.38884096   958475.81399866   318911.56795174
   1232828.99310944  1203222.45109721]
 [   13556.54234033   131123.18691131   318911.56795174   166634.7321303
    354423.11317072   295890.89008028]
 [ -302121.57768299   -50023.06359056  1232828.99310944   354423.11317072
   1637275.16987072  1644105.82302274]
 [ -356092.29675886  -144992.48184523  1203222.45109721   295890.89008028
   1644105.82302274  1691022.77553222]]
====
(array([  2.33609445e-10,   1.11302773e-05,   3.34294424e-03,
         4.88427431e+01,   4.51679969e+05,   4.35250045e+06]), array([[ -1.01885882e-04,   8.88634817e-01,   3.42321204e-02,
          2.19831399e-01,   3.83900357e-01,  -1.15978380e-01],
       [  5.00035575e-01,  -3.14734296e-01,  -3.84233151e-01,
          9.20576364e-02,   7.03014487e-01,  -2.38255134e-02],
       [ -4.99974139e-01,  -2.23295222e-01,   1.81254507e-01,
          6.09488673e-01,   2.90489018e-01,   4.59838663e-01],
       [ -4.99999951e-01,  -4.43972625e-04,   8.16214313e-04,
         -7.25246092e-01,   4.55241914e-01,   1.29507110e-01],
       [  4.99990321e-01,   9.12245171e-02,   5.66301111e-01,
         -2.07815055e-01,   4.27164456e-02,   6.13171286e-01],
       [ -2.74035798e-05,   2.30407505e-01,  -7.05437621e-01,
         -5.05382525e-02,  -2.54828143e-01,   6.17882389e-01]]))
====
1.47448223627e+17
====
False
