[[  127546.48568903   136532.13260646  -185278.37616928    13819.5391894
   -307990.96958634  -363009.94860726]
 [  136532.13260646   230088.38644851    45423.53496455   133669.82199203
    -50995.02949193  -147808.98459033]
 [ -185278.37616928    45423.53496455   977095.8044164    325106.72126264
   1256778.99071448  1226597.48840335]
 [   13819.5391894    133669.82199203   325106.72126264   169871.47343253
    361308.37270314   301639.33967767]
 [ -307990.96958634   -50995.02949193  1256778.99071448   361308.37270314
   1669082.39290955  1676045.81267135]
 [ -363009.94860726  -147808.98459033  1226597.48840335   301639.33967767
   1676045.81267135  1723874.1031403 ]]
====
(array([  1.27090483e-10,   1.13459132e-05,   3.40784461e-03,
         4.97911826e+01,   4.60452677e+05,   4.43705617e+06]), array([[ -1.16987175e-04,   8.88634834e-01,   3.42316974e-02,
          2.19831373e-01,   3.83900360e-01,  -1.15978405e-01],
       [  5.00040981e-01,  -3.14725989e-01,  -3.84232916e-01,
          9.20576254e-02,   7.03014489e-01,  -2.38255572e-02],
       [ -4.99970374e-01,  -2.23303623e-01,   1.81254571e-01,
          6.09488655e-01,   2.90489074e-01,   4.59838640e-01],
       [ -4.99999944e-01,  -4.52470719e-04,   8.16100322e-04,
         -7.25246111e-01,   4.55241889e-01,   1.29507088e-01],
       [  4.99988684e-01,   9.12332861e-02,   5.66301133e-01,
         -2.07815081e-01,   4.27164740e-02,   6.13171285e-01],
       [ -3.12092918e-05,   2.30407159e-01,  -7.05437736e-01,
         -5.05382008e-02,  -2.54828108e-01,   6.17882405e-01]]))
====
1.29130302198e+16
====
False
