[[  129947.58937868   139101.74386334  -188768.14146163    14078.75679576
   -313791.12852921  -369845.55779325]
 [  139101.74386334   234418.77608512    46278.49540548   136185.53063809
    -51954.75004155  -150590.78777266]
 [ -188768.14146163    46278.49540548   995497.88891221   331229.33904426
   1280448.73255099  1249699.0247963 ]
 [   14078.75679576   136185.53063809   331229.33904426   173069.72037954
    368113.52878571   307321.46435895]
 [ -313791.12852921   -51954.75004155  1280448.73255099   368113.52878571
   1700517.01137826  1707611.27692792]
 [ -369845.55779325  -150590.78777266  1249699.0247963    307321.46435895
   1707611.27692792  1756339.50652306]]
====
(array([  9.08807224e-10,   1.15598313e-05,   3.47191866e-03,
         5.07278568e+01,   4.69118703e+05,   4.52062106e+06]), array([[ -1.10028373e-04,   8.88634894e-01,   3.42302694e-02,
          2.19831293e-01,   3.83900453e-01,  -1.15978215e-01],
       [  5.00038599e-01,  -3.14730542e-01,  -3.84232269e-01,
          9.20575907e-02,   7.03014515e-01,  -2.38252036e-02],
       [ -4.99972165e-01,  -2.23299395e-01,   1.81254939e-01,
          6.09488587e-01,   2.90488937e-01,   4.59838778e-01],
       [ -4.99999947e-01,  -4.48560072e-04,   8.15855709e-04,
         -7.25246181e-01,   4.55241711e-01,   1.29507328e-01],
       [  4.99989273e-01,   9.12302987e-02,   5.66301055e-01,
         -2.07815185e-01,   4.27161332e-02,   6.13171310e-01],
       [ -2.92459168e-05,   2.30405994e-01,  -7.05438125e-01,
         -5.05380263e-02,  -2.54828429e-01,   6.17882277e-01]]))
====
1.29130302198e+16
====
False
