[[  132272.87000465   141590.5268148   -192146.81116557    14330.2453968
   -319407.09258357  -376464.41989149]
 [  141590.5268148    238612.9263949     47106.4543159    138622.08541499
    -52884.38666401  -153285.18584604]
 [ -192146.81116557    47106.4543159   1013314.77826045   337157.34982399
   1303365.67376854  1272065.75213009]
 [   14330.2453968    138622.08541499   337157.34982399   176166.74435715
    374702.00876615   312822.26784351]
 [ -319407.09258357   -52884.38666401  1303365.67376854   374702.00876615
   1730952.0691987   1738173.20581965]
 [ -376464.41989149  -153285.18584604  1272065.75213009   312822.26784351
   1738173.20581965  1787773.20553378]]
====
(array([  1.25026556e-09,   1.17659594e-05,   3.53400638e-03,
         5.16352543e+01,   4.77512044e+05,   4.60152891e+06]), array([[ -1.09777464e-04,   8.88634921e-01,   3.42296393e-02,
          2.19831257e-01,   3.83900489e-01,  -1.15978149e-01],
       [  5.00038544e-01,  -3.14730964e-01,  -3.84231988e-01,
          9.20575753e-02,   7.03014525e-01,  -2.38250806e-02],
       [ -4.99972245e-01,  -2.23299116e-01,   1.81255105e-01,
          6.09488557e-01,   2.90488899e-01,   4.59838825e-01],
       [ -4.99999948e-01,  -4.48421476e-04,   8.15751668e-04,
         -7.25246211e-01,   4.55241638e-01,   1.29507414e-01],
       [  4.99989248e-01,   9.12305670e-02,   5.66301018e-01,
         -2.07815230e-01,   4.27160115e-02,   6.13171319e-01],
       [ -2.91155457e-05,   2.30405480e-01,  -7.05438297e-01,
         -5.05379493e-02,  -2.54828541e-01,   6.17882233e-01]]))
====
6.07428054253e+16
====
False
