[[  134643.75870287   144128.15514172  -195591.66417035    14586.71058893
   -325133.10872313  -383213.01892689]
 [  144128.15514172   242889.35869655    47950.56171106   141106.41521508
    -53832.38177041  -156032.56354871]
 [ -195591.66417035    47950.56171106  1031480.46853921   343201.3838825
   1326731.29071065  1294870.40848042]
 [   14586.71058893   141106.41521508   343201.3838825    179324.43087284
    381419.39954026   318430.65730345]
 [ -325133.10872313   -53832.38177041  1326731.29071065   381419.39954026
   1761983.07202133  1769333.62933259]
 [ -383213.01892689  -156032.56354871  1294870.40848042   318430.65730345
   1769333.62933259  1819822.56197407]]
====
(array([  1.87296395e-09,   1.19765665e-05,   3.59731230e-03,
         5.25604563e+01,   4.86070028e+05,   4.68402106e+06]), array([[ -1.31257664e-04,   8.88634944e-01,   3.42289978e-02,
          2.19831226e-01,   3.83900511e-01,  -1.15978119e-01],
       [  5.00046196e-01,  -3.14719163e-01,  -3.84231690e-01,
          9.20575621e-02,   7.03014532e-01,  -2.38250234e-02],
       [ -4.99966870e-01,  -2.23311062e-01,   1.81255251e-01,
          6.09488533e-01,   2.90488896e-01,   4.59838844e-01],
       [ -4.99999937e-01,  -4.60509258e-04,   8.15644213e-04,
         -7.25246236e-01,   4.55241586e-01,   1.29507456e-01],
       [  4.99986976e-01,   9.12430671e-02,   5.66300996e-01,
         -2.07815266e-01,   4.27159496e-02,   6.13171324e-01],
       [ -3.46003132e-05,   2.30404958e-01,  -7.05438470e-01,
         -5.05378846e-02,  -2.54828596e-01,   6.17882212e-01]]))
====
9.73458742362e+15
====
False
