[[  137050.62588305   146704.21271059  -199089.01823402    14846.95269534
   -330946.27824927  -390064.25247298]
 [  146704.21271059   247231.11276018    48809.10876368   143629.14907565
    -54792.85492084  -158819.9177671 ]
 [ -199089.01823402    48809.10876368  1049927.64381068   349339.73848731
   1350458.27353431  1318027.17859268]
 [   14846.95269534   143629.14907565   349339.73848731   182531.1812679
    388241.77067956   324126.87862558]
 [ -330946.27824927   -54792.85492084  1350458.27353431   388241.77067956
   1793492.89913471  1800973.97498536]
 [ -390064.25247298  -158819.9177671   1318027.17859268   324126.87862558
   1800973.97498536  1852364.55120491]]
====
(array([  2.71107799e-09,   1.21916409e-05,   3.66160524e-03,
         5.35000217e+01,   4.94759052e+05,   4.76778546e+06]), array([[ -1.44962763e-04,   8.88634993e-01,   3.42277217e-02,
          2.19831171e-01,   3.83900685e-01,  -1.15977632e-01],
       [  5.00051067e-01,  -3.14712018e-01,  -3.84231189e-01,
          9.20575374e-02,   7.03014573e-01,  -2.38241354e-02],
       [ -4.99963435e-01,  -2.23318502e-01,   1.81255653e-01,
          6.09488465e-01,   2.90488391e-01,   4.59839215e-01],
       [ -4.99999930e-01,  -4.68220727e-04,   8.15506285e-04,
         -7.25246294e-01,   4.55241333e-01,   1.29508025e-01],
       [  4.99985542e-01,   9.12516119e-02,   5.66300852e-01,
         -2.07815366e-01,   4.27151504e-02,   6.13171376e-01],
       [ -3.81202728e-05,   2.30403917e-01,  -7.05438817e-01,
         -5.05377470e-02,  -2.54829382e-01,   6.17881890e-01]]))
====
9.96459643611e+15
====
False
