[[  139461.33665341   149284.47270319  -202591.70627401    15107.73846836
   -336768.44050884  -396926.17732217]
 [  149284.47270319   251581.337057      49673.12549645   146157.94644606
    -55750.26511449  -161607.80972535]
 [ -202591.70627401    49673.12549645  1068415.18316914   355493.28585656
   1374235.34352924  1341231.30913344]
 [   15107.73846836   146157.94644606   355493.28585656   185745.72723995
    395081.06665045   329837.32377899]
 [ -336768.44050884   -55750.26511449  1374235.34352924   395081.06665045
   1825066.67529418  1832676.44263779]
 [ -396926.17732217  -161607.80972535  1341231.30913344   329837.32377899
   1832676.44263779  1884968.37051954]]
====
(array([  3.48164345e-09,   1.24062547e-05,   3.72610260e-03,
         5.44421775e+01,   5.03465796e+05,   4.85171839e+06]), array([[ -1.41667054e-04,  -8.88635086e-01,  -3.42253370e-02,
          2.19831092e-01,   3.83901183e-01,  -1.15976130e-01],
       [  5.00049883e-01,   3.14714933e-01,   3.84230314e-01,
          9.20574991e-02,   7.03014686e-01,  -2.38213991e-02],
       [ -4.99964254e-01,   2.23316155e-01,  -1.81256478e-01,
          6.09488321e-01,   2.90486737e-01,   4.59840375e-01],
       [ -4.99999931e-01,   4.66357413e-04,  -8.15309107e-04,
         -7.25246400e-01,   4.55240671e-01,   1.29509757e-01],
       [  4.99985906e-01,  -9.12513232e-02,  -5.66300515e-01,
         -2.07815578e-01,   4.27127222e-02,   6.13171531e-01],
       [ -3.72976677e-05,  -2.30401971e-01,   7.05439469e-01,
         -5.05375049e-02,  -2.54831793e-01,   6.17880898e-01]]))
====
8.53899989866e+15
====
False
