[[  141929.84376143   151926.78907577  -206177.81848158    15375.05864224
   -342729.54891511  -403952.06642817]
 [  151926.78907577   256034.08829197    50551.73270046   148744.63118534
    -56737.72440617  -164468.84107114]
 [ -206177.81848158    50551.73270046  1087325.43624755   361785.00303101
   1398558.70657809  1364970.75911979]
 [   15375.05864224   148744.63118534   361785.00303101   189033.11142156
    402073.48326723   335675.0609177 ]
 [ -342729.54891511   -56737.72440617  1398558.70657809   402073.48326723
   1857369.91425149  1865114.66110865]
 [ -403952.06642817  -164468.84107114  1364970.75911979   335675.0609177
   1865114.66110865  1918332.39536138]]
====
(array([  3.55108446e-09,   1.26254573e-05,   3.79203403e-03,
         5.54056070e+01,   5.12376553e+05,   4.93759283e+06]), array([[ -1.42180298e-04,   8.88635082e-01,   3.42254610e-02,
          2.19831090e-01,   3.83901141e-01,  -1.15976267e-01],
       [  5.00050067e-01,  -3.14714589e-01,  -3.84230357e-01,
          9.20574988e-02,   7.03014677e-01,  -2.38216489e-02],
       [ -4.99964127e-01,  -2.23316468e-01,   1.81256438e-01,
          6.09488328e-01,   2.90486898e-01,   4.59840267e-01],
       [ -4.99999931e-01,  -4.66648361e-04,   8.15312713e-04,
         -7.25246397e-01,   4.55240720e-01,   1.29509601e-01],
       [  4.99985850e-01,   9.12515309e-02,   5.66300532e-01,
         -2.07815569e-01,   4.27129404e-02,   6.13171517e-01],
       [ -3.74266786e-05,   2.30402071e-01,  -7.05439435e-01,
         -5.05375085e-02,  -2.54831574e-01,   6.17880989e-01]]))
====
8.53899989866e+15
====
False
