[[  14741.53361728   15779.46124302  -21415.78913102    1596.34459716
   -35598.90577689  -41957.59184444]
 [  15779.46124302   26600.29604093    5274.02536672   15460.1683803
    -5866.1022939   -17058.87197211]
 [ -21415.78913102    5274.02536672  113009.20702247   37611.28205858
   145346.46371434  141847.31671494]
 [   1596.34459716   15460.1683803    37611.28205858   19649.87917703
    41800.99285531   34899.67152105]
 [ -35598.90577689   -5866.1022939   145346.46371434   41800.99285531
   193013.55886355  193805.86020811]
 [ -41957.59184444  -17058.87197211  141847.31671494   34899.67152105
   193805.86020811  199322.68205684]]
====
(array([ -5.32688828e-11,   1.31324658e-06,   3.94330568e-04,
         5.76006157e+00,   5.32371325e+04,   5.13094264e+05]), array([[  5.56710290e-05,   8.88638337e-01,   3.41402052e-02,
          2.19828656e-01,   3.83920371e-01,  -1.15917473e-01],
       [  4.99980321e-01,  -3.14863861e-01,  -3.84197862e-01,
          9.20562739e-02,   7.03018982e-01,  -2.37146499e-02],
       [ -5.00014006e-01,  -2.23187603e-01,   1.81284453e-01,
          6.09483160e-01,   2.90421506e-01,   4.59885704e-01],
       [ -5.00000023e-01,  -3.54826516e-04,   8.07259407e-04,
         -7.25250028e-01,   4.55215717e-01,   1.29577183e-01],
       [  5.00005646e-01,   9.11961275e-02,   5.66289816e-01,
         -2.07823142e-01,   4.26182417e-02,   6.13177537e-01],
       [  1.45164098e-05,   2.30332563e-01,  -7.05462677e-01,
         -5.05293930e-02,  -2.54925764e-01,   6.17842178e-01]]))
====
7.63506983144e+15
====
False
