[[  146821.5302597    157162.41401869  -213285.57600827    15904.08424553
   -354543.90578143  -417876.20750936]
 [  157162.41401869   264857.13603733    52293.09285515   153870.18789401
    -58693.85528817  -170137.41838693]
 [ -213285.57600827    52293.09285515  1124805.8287347    374255.24541599
   1446767.98129553  1412022.73238894]
 [   15904.08424553   153870.18789401   374255.24541599   195548.05016412
    415933.1076861    347246.63875755]
 [ -354543.90578143   -58693.85528817  1446767.98129553   415933.1076861
   1921394.9442698   1929406.78953343]
 [ -417876.20750936  -170137.41838693  1412022.73238894   347246.63875755
   1929406.78953343  1984458.63003412]]
====
(array([  3.82283182e-09,   1.30607710e-05,   3.92263681e-03,
         5.73143748e+01,   5.30033177e+05,   5.10779562e+06]), array([[ -1.29815844e-04,   8.88635129e-01,   3.42243899e-02,
          2.19831030e-01,   3.83901156e-01,  -1.15976303e-01],
       [  5.00045765e-01,  -3.14722024e-01,  -3.84229856e-01,
          9.20574734e-02,   7.03014685e-01,  -2.38217077e-02],
       [ -4.99967273e-01,  -2.23309275e-01,   1.81256684e-01,
          6.09488286e-01,   2.90487001e-01,   4.59840232e-01],
       [ -4.99999938e-01,  -4.59696648e-04,   8.15122140e-04,
         -7.25246444e-01,   4.55240652e-01,   1.29509578e-01],
       [  4.99987004e-01,   9.12452663e-02,   5.66300497e-01,
         -2.07815631e-01,   4.27129687e-02,   6.13171518e-01],
       [ -3.40741881e-05,   2.30401200e-01,  -7.05439725e-01,
         -5.05373872e-02,  -2.54831531e-01,   6.17881010e-01]]))
====
7.54898229382e+15
====
False
