[[  149263.37400433   159775.9022723   -216833.76651675    16168.10162854
   -360441.56716051  -424827.01595017]
 [  159775.9022723    269261.38449315    53162.37402779   156428.74747454
    -59670.26299081  -172966.98774696]
 [ -216833.76651675    53162.37402779  1143516.0149486    380480.37908226
   1470834.02000306  1435511.04902026]
 [   16168.10162854   156428.74747454   380480.37908226   198800.24045122
    422851.87205894   353023.26034474]
 [ -360441.56716051   -59670.26299081  1470834.02000306   422851.87205894
   1953356.15505281  1961501.29711197]
 [ -424827.01595017  -172966.98774696  1435511.04902026   353023.26034474
   1961501.29711197  2017468.646046  ]]
====
(array([  3.69093440e-09,   1.32770691e-05,   3.98782704e-03,
         5.82671623e+01,   5.38846940e+05,   5.19276060e+06]), array([[ -1.31344361e-04,   8.88635154e-01,   3.42237805e-02,
          2.19830996e-01,   3.83901171e-01,  -1.15976300e-01],
       [  5.00046344e-01,  -3.14721435e-01,  -3.84229577e-01,
          9.20574591e-02,   7.03014690e-01,  -2.38216995e-02],
       [ -4.99966908e-01,  -2.23310001e-01,   1.81256831e-01,
          6.09488262e-01,   2.90487033e-01,   4.59840230e-01],
       [ -4.99999937e-01,  -4.60559520e-04,   8.15019859e-04,
         -7.25246471e-01,   4.55240606e-01,   1.29509591e-01],
       [  4.99986788e-01,   9.12465206e-02,   5.66300470e-01,
         -2.07815668e-01,   4.27129486e-02,   6.13171520e-01],
       [ -3.43965132e-05,   2.30400704e-01,  -7.05439891e-01,
         -5.05373184e-02,  -2.54831542e-01,   6.17881008e-01]]))
====
7.54898229382e+15
====
False
