[[  151730.39468195   162416.86336166  -220417.05188917    16435.60166422
   -366398.31358661  -431848.01063845]
 [  162416.86336166   273711.80245256    54040.35917443   159014.04657774
    -60657.39670039  -175826.71376163]
 [ -220417.05188917    54040.35917443  1162411.56504452   386767.23707838
   1495138.44294845  1459231.98715799]
 [   16435.60166422   159014.04657774   386767.23707838   202085.41492593
    429838.60542657   358855.94770585]
 [ -366398.31358661   -60657.39670039  1495138.44294845   429838.60542657
   1985634.44507543  1993914.64862548]
 [ -431848.01063845  -175826.71376163  1459231.98715799   358855.94770585
   1993914.64862548  2050807.47257763]]
====
(array([  4.26384233e-09,   1.34959287e-05,   4.05374565e-03,
         5.92302154e+01,   5.47752980e+05,   5.27856888e+06]), array([[ -1.37010633e-04,   8.88635127e-01,   3.42244365e-02,
          2.19831023e-01,   3.83901092e-01,  -1.15976520e-01],
       [  5.00048397e-01,  -3.14717959e-01,  -3.84229760e-01,
          9.20574709e-02,   7.03014671e-01,  -2.38221022e-02],
       [ -4.99965508e-01,  -2.23313325e-01,   1.81256556e-01,
          6.09488294e-01,   2.90487260e-01,   4.59840062e-01],
       [ -4.99999934e-01,  -4.63744727e-04,   8.15012314e-04,
         -7.25246444e-01,   4.55240722e-01,   1.29509333e-01],
       [  4.99986137e-01,   9.12492783e-02,   5.66300616e-01,
         -2.07815621e-01,   4.27133115e-02,   6.13171497e-01],
       [ -3.57779321e-05,   2.30401237e-01,  -7.05439713e-01,
         -5.05373835e-02,  -2.54831186e-01,   6.17881154e-01]]))
====
7.63506983144e+15
====
False
