[[  156670.03091117   167704.89061498  -227591.42149266    16971.37565839
   -378324.93644925  -445905.59695887]
 [  167704.89061498   282622.89826108    55798.26368415   164190.58690028
    -62634.04767664  -181552.86726978]
 [ -227591.42149266    55798.26368415  1200243.85721014   399354.66958836
   1543800.26311434  1506725.55710154]
 [   16971.37565839   164190.58690028   399354.66958836   208663.09369483
    443827.1763829    370533.78148893]
 [ -378324.93644926   -62634.04767664  1543800.26311434   443827.1763829
   2050261.4871739   2058812.20586026]
 [ -445905.59695887  -181552.86726978  1506725.55710154   370533.78148893
   2058812.20586026  2117558.19464528]]
====
(array([  5.60102164e-09,   1.39364611e-05,   4.18574458e-03,
         6.11586028e+01,   5.65585566e+05,   5.45037283e+06]), array([[ -1.45631267e-04,   8.88635065e-01,   3.42259549e-02,
          2.19831085e-01,   3.83900920e-01,  -1.15976988e-01],
       [  5.00051538e-01,  -3.14712440e-01,  -3.84230209e-01,
          9.20574988e-02,   7.03014630e-01,  -2.38229579e-02],
       [ -4.99963386e-01,  -2.23318491e-01,   1.81255941e-01,
          6.09488366e-01,   2.90487737e-01,   4.59839706e-01],
       [ -4.99999930e-01,  -4.68588349e-04,   8.15018788e-04,
         -7.25246381e-01,   4.55240979e-01,   1.29508782e-01],
       [  4.99985119e-01,   9.12531335e-02,   5.66300930e-01,
         -2.07815514e-01,   4.27140853e-02,   6.13171446e-01],
       [ -3.78441664e-05,   2.30402473e-01,  -7.05439301e-01,
         -5.05375358e-02,  -2.54830427e-01,   6.17881464e-01]]))
====
7.63506983144e+15
====
False
