[[  161488.67841118   172862.9363417   -234591.3666117     17493.36255219
   -389960.94040122  -459620.15785375]
 [  172862.9363417    291315.12229584    57513.49740699   169240.09862398
    -64561.52626487  -187137.75204304]
 [ -234591.3666117     57513.49740698  1237156.57082285   411636.1661082
   1591279.23952405  1553064.65684349]
 [   17493.36255219   169240.09862399   411636.1661082    215080.24803448
    457476.3155187    381928.85819677]
 [ -389960.94040122   -64561.52626487  1591279.23952405   457476.3155187
   2113317.08130763  2122131.2670833 ]
 [ -459620.15785375  -187137.75204304  1553064.65684349   381928.85819677
   2122131.2670833   2182684.49949441]]
====
(array([  6.73965849e-09,   1.43645999e-05,   4.31446307e-03,
         6.30394111e+01,   5.82980286e+05,   5.61799887e+06]), array([[ -1.44432776e-04,   8.88635051e-01,   3.42263196e-02,
          2.19831092e-01,   3.83900852e-01,  -1.15977198e-01],
       [  5.00051146e-01,  -3.14712955e-01,  -3.84230300e-01,
          9.20575026e-02,   7.03014615e-01,  -2.38233399e-02],
       [ -4.99963704e-01,  -2.23317890e-01,   1.81255782e-01,
          6.09488383e-01,   2.90487971e-01,   4.59839543e-01],
       [ -4.99999931e-01,  -4.67914279e-04,   8.15000070e-04,
         -7.25246369e-01,   4.55241066e-01,   1.29508541e-01],
       [  4.99985193e-01,   9.12522196e-02,   5.66301020e-01,
         -2.07815488e-01,   4.27144229e-02,   6.13171424e-01],
       [ -3.74704266e-05,   2.30402768e-01,  -7.05439202e-01,
         -5.05375625e-02,  -2.54830091e-01,   6.17881602e-01]]))
====
1.28896318366e+16
====
False
