[[  17211.35173189   18423.47486969  -25002.97393277    1864.23159424
   -41562.21720821  -48986.38500465]
 [  18423.47486969   31055.84394519    6152.97762158   18048.43854158
    -6854.42778203  -19921.94872619]
 [ -25002.97393277    6152.97762158  131925.35310529   43904.99831358
   169677.37379728  165594.10168672]
 [   1864.23159424   18048.43854158   43904.99831358   22938.71856148
    48795.27833348   40738.58841259]
 [ -41562.21720821   -6854.42778203  169677.37379728   48795.27833348
   225327.07991278  226254.6388255 ]
 [ -48986.38500465  -19921.94872619  165594.10168672   40738.58841259
   226254.6388255   232698.04309067]]
====
(array([ -4.37271258e-11,   1.53286660e-06,   4.60329966e-04,
         6.72425651e+00,   6.21534280e+04,   5.98996238e+05]), array([[  6.44538477e-05,   8.88637620e-01,   3.41586908e-02,
          2.19829279e-01,   3.83916828e-01,  -1.15928070e-01],
       [  4.99977247e-01,  -3.14860589e-01,  -3.84204752e-01,
          9.20565729e-02,   7.03018178e-01,  -2.37339518e-02],
       [ -5.00016231e-01,  -2.23186496e-01,   1.81278239e-01,
          6.09484224e-01,   2.90433102e-01,   4.59877539e-01],
       [ -5.00000027e-01,  -3.49942497e-04,   8.08853741e-04,
         -7.25249228e-01,   4.55220471e-01,   1.29564950e-01],
       [  5.00006490e-01,   9.11790710e-02,   5.66292288e-01,
         -2.07821577e-01,   4.26353955e-02,   6.13176440e-01],
       [  1.68657426e-05,   2.30347634e-01,  -7.05457641e-01,
         -5.05312308e-02,  -2.54908749e-01,   6.17849179e-01]]))
====
7.63506983144e+15
====
False
