[[  19681.16984651   21067.48849635  -28590.15873452    2132.11859133
   -47525.52863953  -56015.17816486]
 [  21067.48849635   35511.39184945    7031.92987644   20636.70870285
    -7842.75327015  -22785.02548026]
 [ -28590.15873452    7031.92987644  150841.4991881    50198.71456857
   194008.28388022  189340.8866585 ]
 [   2132.11859133   20636.70870285   50198.71456857   26227.55794593
    55789.56381164   46577.50530413]
 [ -47525.52863953   -7842.75327015  194008.28388022   55789.56381164
   257640.60096201  258703.41744289]
 [ -56015.17816486  -22785.02548026  189340.8866585    46577.50530413
   258703.41744289  266073.40412449]]
====
(array([  3.30738639e-11,   1.75284869e-06,   5.26329249e-04,
         7.68845109e+00,   7.10697229e+04,   6.84898212e+05]), array([[  5.99738132e-05,  -8.88637084e-01,  -3.41725148e-02,
          2.19829746e-01,   3.83914174e-01,  -1.15936009e-01],
       [  4.99978853e-01,   3.14851925e-01,   3.84209917e-01,
          9.20567969e-02,   7.03017575e-01,  -2.37484121e-02],
       [ -5.00015116e-01,   2.23191885e-01,  -1.81273602e-01,
          6.09485021e-01,   2.90441789e-01,   4.59871421e-01],
       [ -5.00000025e-01,   3.52506985e-04,  -8.10060952e-04,
         -7.25248629e-01,   4.55224032e-01,   1.29555785e-01],
       [  5.00006001e-01,  -9.11725321e-02,  -5.66294124e-01,
         -2.07820405e-01,   4.26482464e-02,   6.13175619e-01],
       [  1.57409954e-05,  -2.30358906e-01,   7.05453875e-01,
         -5.05326078e-02,  -2.54896001e-01,   6.17854424e-01]]))
====
7.63506983144e+15
====
False
