[[  22150.98796112   23711.50212301  -32177.34353626    2400.00558842
   -53488.84007086  -63043.97132507]
 [  23711.50212301   39966.93975371    7910.8821313    23224.97886412
    -8831.07875828  -25648.10223433]
 [ -32177.34353626    7910.8821313   169757.64527091   56492.43082356
   218339.19396316  213087.67163028]
 [   2400.00558842   23224.97886412   56492.43082356   29516.39733037
    62783.84928981   52416.42219567]
 [ -53488.84007086   -8831.07875828  218339.19396316   62783.84928981
   289954.12201125  291152.19606028]
 [ -63043.97132507  -25648.10223433  213087.67163028   52416.42219567
   291152.19606028  299448.76515831]]
====
(array([  5.03549112e-11,   1.97245913e-06,   5.92328097e-04,
         8.65264544e+00,   7.99860175e+04,   7.70800187e+05]), array([[  4.47631086e-05,   8.88636665e-01,   3.41833398e-02,
          2.19830108e-01,   3.83912111e-01,  -1.15942179e-01],
       [  4.99984156e-01,  -3.14838552e-01,  -3.84214096e-01,
          9.20569708e-02,   7.03017106e-01,  -2.37596495e-02],
       [ -5.00011252e-01,  -2.23202695e-01,   1.81270113e-01,
          6.09485640e-01,   2.90448540e-01,   4.59866667e-01],
       [ -5.00000019e-01,  -3.61104767e-04,   8.11134488e-04,
         -7.25248163e-01,   4.55226799e-01,   1.29548663e-01],
       [  5.00004571e-01,   9.11740030e-02,   5.66295424e-01,
         -2.07819494e-01,   4.26582331e-02,   6.13174980e-01],
       [  1.16329179e-05,   2.30367730e-01,  -7.05450926e-01,
         -5.05336781e-02,  -2.54886095e-01,   6.17858500e-01]]))
====
7.63506983144e+15
====
False
