sim =  False
[[  986.33659756  1685.7300988    338.64841399  1073.03084534
   -274.05083947 -1012.23811791]
 [ 1685.7300988   3444.39218568  2009.12195738  2687.42112763
   1252.15089933  -270.63397506]
 [  338.64841399  2009.12195738  3801.86396625  2525.45515427
   4318.19716314  3401.0355019 ]
 [ 1073.03084534  2687.42112763  2525.45515427  2466.47635862
   2304.51038526  1104.33210196]
 [ -274.05083947  1252.15089933  4318.19716314  2304.51038526
   5370.55664907  4776.00157892]
 [-1012.23811791  -270.63397506  3401.0355019   1104.33210196
   4776.00157892  4855.58574108]]
====
[[ 66.57966408   8.97417991 -28.00945962  -5.0420841  -42.02572371
   76.4825165 ]
 [  8.97417995   1.86896873  -3.97937758  -0.79699318  -6.64533951
   11.47999809]
 [-28.00945966  -3.97937757  11.87366882   2.13388742  17.98693385
  -32.55510663]
 [ -5.04208413  -0.79699318   2.13388743   0.42337218   3.3542528
   -5.98575987]
 [-42.02572368  -6.64533948  17.98693382   3.35425278  27.98652613
  -50.02086453]
 [ 76.4825165   11.47999805 -32.55510659  -5.98575983 -50.02086456
   89.94949065]]
====
(array([ -1.25355282e-12,   5.08199506e-03,   5.37005684e-01,
         2.16594165e+01,   6.24406943e+03,   1.46589406e+04]), array([[  1.68684243e-12,   5.78042802e-01,  -6.66898191e-01,
          2.52498545e-01,   3.96359524e-01,  -1.60292135e-02],
       [  5.00000000e-01,   8.43639931e-02,   5.01371626e-01,
          8.10735817e-02,   6.59911722e-01,  -2.22379863e-01],
       [ -5.00000000e-01,  -2.45267979e-01,   9.61547525e-02,
          6.46120995e-01,   8.74312729e-02,  -5.05451594e-01],
       [ -5.00000000e-01,  -4.48426320e-02,  -5.35812368e-02,
         -6.95133132e-01,   4.05445401e-01,  -3.12285358e-01],
       [  5.00000000e-01,  -3.74474604e-01,  -4.58798110e-01,
         -1.30085718e-01,  -1.67035047e-01,  -5.95357089e-01],
       [  6.47386051e-12,   6.75537389e-01,   2.85062984e-01,
         -1.09849233e-01,  -4.55504928e-01,  -4.92784677e-01]]))
====
6.39796025635e+15
====
[[  1.00000000e+00  -9.65860893e-11   9.35030602e-11   9.46166908e-11
   -1.01861742e-10   2.85660112e-11]
 [ -1.32969505e-11   7.50000000e-01   2.50000000e-01   2.50000000e-01
   -2.50000000e-01  -1.62418483e-11]
 [  1.13752512e-10   2.50000000e-01   7.50000000e-01  -2.50000000e-01
    2.50000000e-01   8.39484381e-11]
 [  1.25224455e-10   2.50000000e-01  -2.50000000e-01   7.50000000e-01
    2.50000000e-01   1.17680382e-10]
 [ -6.72489029e-11  -2.50000000e-01   2.50000000e-01   2.50000000e-01
    7.50000000e-01  -1.62542718e-10]
 [  2.97878546e-11  -1.11544307e-10   1.09961361e-10   1.18423787e-10
   -1.05598101e-10   1.00000000e+00]] [[ 1.  0.  0.  0.  0.  0.]
 [ 0.  1.  0.  0.  0.  0.]
 [ 0.  0.  1.  0.  0.  0.]
 [ 0.  0.  0.  1.  0.  0.]
 [ 0.  0.  0.  0.  1.  0.]
 [ 0.  0.  0.  0.  0.  1.]]
