sim =  False
[[  195.98813563   334.95944604    67.28994125   213.21404489
    -54.45545991  -201.13543102]
 [  334.95944604   684.44398754   399.31691165   534.04495004
    248.91787415   -53.67877264]
 [   67.28994125   399.31691165   755.73342022   501.95392835
    858.37043693   676.08379165]
 [  213.21404489   534.04495004   501.95392835   490.16160132
    458.07057963   219.57088162]
 [  -54.45545991   248.91787415   858.37043693   458.07057963
   1067.52314241   949.33344591]
 [ -201.13543102   -53.67877264   676.08379165   219.57088162
    949.33344591   965.10382107]]
====
[[ 334.80460772   45.12392468 -140.85240216  -25.35041847 -211.32674498
   384.59805541]
 [  45.12392477    9.39982764  -20.01043842   -4.00730204  -33.41756805
    57.72811692]
 [-140.85240224  -20.0104384    59.7112695    10.72903575   90.45074351
  -163.71095245]
 [ -25.35041855   -4.00730205   10.72903578    2.12841685   16.86475465
   -30.09553479]
 [-211.3267449   -33.41756799   90.45074342   16.86475459  140.73306579
  -251.53460339]
 [ 384.5980554    57.72811682 -163.71095235  -30.09553469 -251.53460348
   452.32098035]]
====
(array([ -5.93920746e-13,   1.01061828e-03,   1.06706444e-01,
         4.30598885e+00,   1.24072064e+03,   2.91381976e+03]), array([[ -3.85005602e-10,   5.78041794e-01,  -6.66897147e-01,
          2.52504278e-01,   3.96359659e-01,  -1.60153424e-02],
       [  5.00000000e-01,   8.43620751e-02,   5.01371766e-01,
          8.10728766e-02,   6.59921645e-01,  -2.22351082e-01],
       [ -5.00000000e-01,  -2.45274670e-01,   9.61535496e-02,
          6.46110601e-01,   8.74528003e-02,  -5.05458138e-01],
       [ -5.00000000e-01,  -4.48357875e-02,  -5.35806576e-02,
         -6.95137747e-01,   4.05461418e-01,  -3.12255371e-01],
       [  5.00000000e-01,  -3.74472531e-01,  -4.58798874e-01,
         -1.30100022e-01,  -1.67007427e-01,  -5.95362428e-01],
       [ -4.54059787e-10,   6.75537665e-01,   2.85064466e-01,
         -1.09851565e-01,  -4.55482172e-01,  -4.92803955e-01]]))
====
1.78033526885e+16
====
[[  1.00000000e+00   8.18953813e-11  -7.25689136e-11  -8.19502668e-11
    9.87045699e-11  -2.43988632e-11]
 [  1.56354773e-10   7.50000000e-01   2.50000000e-01   2.50000000e-01
   -2.50000000e-01   1.73542945e-10]
 [ -6.33888269e-11   2.50000000e-01   7.50000000e-01  -2.50000000e-01
    2.50000000e-01  -3.39602581e-11]
 [ -4.30754573e-11   2.50000000e-01  -2.50000000e-01   7.50000000e-01
    2.50000000e-01  -2.53961332e-11]
 [  8.77740957e-11  -2.50000000e-01   2.50000000e-01   2.50000000e-01
    7.50000000e-01   1.45429576e-10]
 [ -3.38569429e-11   9.95578539e-11  -1.02799041e-10  -1.00186139e-10
    1.01222824e-10   1.00000000e+00]] [[ 1.  0.  0.  0.  0.  0.]
 [ 0.  1.  0.  0.  0.  0.]
 [ 0.  0.  1.  0.  0.  0.]
 [ 0.  0.  0.  1.  0.  0.]
 [ 0.  0.  0.  0.  1.  0.]
 [ 0.  0.  0.  0.  0.  1.]]
