sim =  False
[[  2164.31345259   3698.9878507     743.09229664   2354.54436694
    -601.35118711  -2221.15135703]
 [  3698.9878507    7557.91772815   4408.33573646   5896.86329074
    2747.28129905   -594.11571424]
 [   743.09229664   4408.33573646   8341.6265621    5541.21711156
    9474.5079372    7462.1055006 ]
 [  2354.54436694   5896.86329074   5541.21711156   5411.99468787
    5056.34850869   2422.86195349]
 [  -601.35118711   2747.28129905   9474.5079372    5056.34850869
   11783.57514684  10479.08316833]
 [ -2221.15135703   -594.11571424   7462.1055006    2422.86195349
   10479.08316833  10653.83273479]]
====
[[  3.03480109e+01  -7.57406310e+00  -1.10234975e+00   9.36636193e+00
   -3.08207823e+01   3.48619745e+01]
 [ -5.85527081e+00   6.76188122e+09  -6.76188122e+09  -6.76188122e+09
    6.76188123e+09  -6.38137738e+00]
 [ -2.82114203e+00  -6.76188122e+09   6.76188122e+09   6.76188122e+09
   -6.76188122e+09  -3.22489276e+00]
 [  7.64756965e+00  -6.76188122e+09   6.76188122e+09   6.76188122e+09
   -6.76188123e+09   8.88564006e+00]
 [ -2.91019900e+01   6.76188123e+09  -6.76188122e+09  -6.76188123e+09
    6.76188125e+09  -3.44144342e+01]
 [  3.48619745e+01  -8.41891987e+00  -1.18735027e+00   1.09231825e+01
   -3.64519767e+01   4.10003597e+01]]
====
(array([  3.47649131e-11,   1.11492334e-02,   1.17835414e+00,
         4.75213777e+01,   1.37013152e+04,   3.21632342e+04]), array([[ -8.26199261e-10,   5.78043120e-01,  -6.66898149e-01,
          2.52497677e-01,   3.96359564e-01,  -1.60321572e-02],
       [  5.00000000e-01,   8.43643983e-02,   5.01371693e-01,
          8.10732536e-02,   6.59909538e-01,  -2.22386157e-01],
       [ -5.00000000e-01,  -2.45266382e-01,   9.61555533e-02,
          6.46123413e-01,   8.74266560e-02,  -5.05449925e-01],
       [ -5.00000000e-01,  -4.48442722e-02,  -5.35819520e-02,
         -6.95132021e-01,   4.05441765e-01,  -3.12292194e-01],
       [  5.00000001e-01,  -3.74475050e-01,  -4.58798092e-01,
         -1.30081862e-01,  -1.67041117e-01,  -5.95355962e-01],
       [ -9.66687078e-10,   6.75537290e-01,   2.85062588e-01,
         -1.09848845e-01,  -4.55509954e-01,  -4.92780482e-01]]))
====
1.04664879595e+16
====
[[  1.00000000e+00  -6.56336189e-03   3.75426649e-03   6.05782128e-03
   -7.83561680e-03   1.15319267e-10]
 [  1.12511819e-10   9.65549310e-01   2.19444235e-02   2.99333129e-02
   -3.26214271e-02   1.86665132e-10]
 [  9.97764537e-11  -3.54745912e-02   1.02905095e+00   3.41028688e-02
   -3.94690497e-02   1.33427322e-10]
 [  6.35058043e-11  -1.26723275e-02   9.55306872e-04   1.01407404e+00
   -1.77484987e-02   9.87910379e-11]
 [  1.58714900e-11  -2.27600393e-02   2.49381401e-02   1.16824031e-02
    9.70246318e-01   6.53385822e-11]
 [  7.01980916e-11  -2.00351152e-02   2.72927827e-02   2.20875917e-02
   -1.80895397e-02   1.00000000e+00]] [[ 1.  0.  0.  0.  0.  0.]
 [ 0.  1.  0.  0.  0.  0.]
 [ 0.  0.  1.  0.  0.  0.]
 [ 0.  0.  0.  1.  0.  0.]
 [ 0.  0.  0.  0.  1.  0.]
 [ 0.  0.  0.  0.  0.  1.]]
