sim =  False
[[  2460.46108561   4205.12866212    844.77187347   2676.72229323
    -683.63449542  -2525.07553259]
 [  4205.12866212   8592.07487745   5011.50895597   6703.73080812
    3123.16488664   -675.43862204]
 [   844.77187347   5011.50895597   9482.94125854   6299.39259225
   10770.82489482   8483.07395037]
 [  2676.72229323   6703.73080812   6299.39259225   6152.51074735
    5748.17253148   2754.34614045]
 [  -683.63449542   3123.16488664  10770.82489482   5748.17253148
   13395.83253966  11912.85871285]
 [ -2525.07553259   -675.43862204   8483.07395037   2754.34614045
   11912.85871285  12111.53241374]]
====
[[  2.66957608e+01  -6.34639254e+00  -1.28583819e+00   7.92299518e+00
   -2.67954887e+01   3.06664972e+01]
 [ -4.35190256e+00   5.28994431e+09  -5.28994431e+09  -5.28994431e+09
    5.28994432e+09  -4.66010465e+00]
 [ -3.28032817e+00  -5.28994431e+09   5.28994431e+09   5.28994431e+09
   -5.28994431e+09  -3.79008502e+00]
 [  5.92850520e+00  -5.28994432e+09   5.28994431e+09   5.28994432e+09
   -5.28994432e+09   6.86298281e+00]
 [ -2.48009988e+01   5.28994432e+09  -5.28994431e+09  -5.28994432e+09
    5.28994434e+09  -2.93195123e+01]
 [  3.06664972e+01  -7.00521278e+00  -1.44497690e+00   9.20809093e+00
   -3.16646204e+01   3.60661509e+01]]
====
(array([  4.75157691e-11,   1.26745591e-02,   1.33958897e+00,
         5.40231466e+01,   1.55760944e+04,   3.65638832e+04]), array([[ -9.19973191e-10,   5.78043136e-01,  -6.66898210e-01,
          2.52497475e-01,   3.96359552e-01,  -1.60325441e-02],
       [  5.00000000e-01,   8.43644522e-02,   5.01371678e-01,
          8.10733306e-02,   6.59909271e-01,  -2.22386937e-01],
       [ -5.00000000e-01,  -2.45266217e-01,   9.61555212e-02,
          6.46123677e-01,   8.74260615e-02,  -5.05449777e-01],
       [ -5.00000000e-01,  -4.48444408e-02,  -5.35818970e-02,
         -6.95131908e-01,   4.05441347e-01,  -3.12292973e-01],
       [  5.00000001e-01,  -3.74475106e-01,  -4.58798053e-01,
         -1.30081562e-01,  -1.67041862e-01,  -5.95355813e-01],
       [ -1.07304490e-09,   6.75537287e-01,   2.85062556e-01,
         -1.09848767e-01,  -4.55510565e-01,  -4.92779957e-01]]))
====
1.04664879595e+16
====
[[  1.00000000e+00  -3.40085674e-03   6.58407488e-03   5.94426352e-03
   -2.30035492e-03   3.69199455e-11]
 [ -1.35949319e-10   1.01704468e+00  -5.49300209e-03  -3.28650899e-03
    5.74011329e-03  -1.74248181e-10]
 [ -1.39643161e-11   2.90343208e-02   9.71797611e-01  -2.90853530e-02
    2.88957885e-02   1.28227759e-11]
 [ -2.20265850e-11   1.67868717e-02  -1.18020456e-02   9.83435073e-01
    1.22339790e-02  -1.37005645e-11]
 [ -6.25382773e-11   5.76662189e-02  -4.77761369e-02  -4.78159751e-02
    1.05256061e+00  -7.02538604e-11]
 [ -5.58550647e-11   4.24436172e-02  -3.95597167e-02  -3.47335170e-02
    2.85632017e-02   1.00000000e+00]] [[ 1.  0.  0.  0.  0.  0.]
 [ 0.  1.  0.  0.  0.  0.]
 [ 0.  0.  1.  0.  0.  0.]
 [ 0.  0.  0.  1.  0.  0.]
 [ 0.  0.  0.  0.  1.  0.]
 [ 0.  0.  0.  0.  0.  1.]]
