sim =  False
[[  2657.89284096   4542.55586973    912.55825801   2891.50757742
    -738.4900343   -2727.69164963]
 [  4542.55586973   9281.51297698   5413.62443564   7241.64248638
    3373.75394504   -729.6538939 ]
 [   912.55825801   5413.62443564  10243.81772283   6804.84291271
   11635.0361999    9163.71958356]
 [  2891.50757742   7241.64248638   6804.84291271   6646.18812034
    6209.38854668   2975.33559842]
 [  -738.4900343    3373.75394504  11635.0361999    6209.38854668
   14470.67080154  12868.70907587]
 [ -2727.69164963   -729.6538939    9163.71958356   2975.33559842
   12868.70907587  13083.33219971]]
====
[[  2.47130247e+01  -7.36473906e+00   2.99373069e-01   8.82424450e+00
   -2.62950577e+01   2.83888525e+01]
 [ -1.01136335e+00   4.74894043e+09  -4.74894043e+09  -4.74894043e+09
    4.74894043e+09  -7.32508578e-01]
 [ -6.05400264e+00  -4.74894042e+09   4.74894043e+09   4.74894042e+09
   -4.74894042e+09  -7.09006822e+00]
 [  2.47086878e+00  -4.74894043e+09   4.74894043e+09   4.74894043e+09
   -4.74894043e+09   2.77177175e+00]
 [ -1.99416820e+01   4.74894043e+09  -4.74894043e+09  -4.74894043e+09
    4.74894045e+09  -2.35604264e+01]
 [  2.83888525e+01  -8.20098337e+00   3.78406569e-01   1.02402465e+01
   -3.10289012e+01   3.33874635e+01]]
====
(array([  5.14358555e-11,   1.36914429e-02,   1.44707885e+00,
         5.83576592e+01,   1.68259471e+04,   3.94976491e+04]), array([[ -1.08592040e-09,   5.78043144e-01,  -6.66898243e-01,
          2.52497365e-01,   3.96359545e-01,  -1.60327542e-02],
       [  5.00000000e-01,   8.43644816e-02,   5.01371669e-01,
          8.10733725e-02,   6.59909125e-01,  -2.22387361e-01],
       [ -5.00000000e-01,  -2.45266127e-01,   9.61555038e-02,
          6.46123821e-01,   8.74257387e-02,  -5.05449696e-01],
       [ -5.00000000e-01,  -4.48445325e-02,  -5.35818671e-02,
         -6.95131847e-01,   4.05441120e-01,  -3.12293396e-01],
       [  5.00000001e-01,  -3.74475137e-01,  -4.58798032e-01,
         -1.30081399e-01,  -1.67042267e-01,  -5.95355731e-01],
       [ -1.26466755e-09,   6.75537286e-01,   2.85062539e-01,
         -1.09848725e-01,  -4.55510897e-01,  -4.92779672e-01]]))
====
1.04664879595e+16
====
[[  1.00000000e+00   7.52314780e-03  -5.00521710e-03  -1.14769733e-02
    7.77794150e-03   4.61622772e-11]
 [ -1.49694135e-11   1.02255933e+00  -1.19554766e-02  -1.57675550e-02
    1.33655534e-02  -4.41810126e-12]
 [  2.47241602e-11   1.42931892e-02   9.89230004e-01  -2.36646851e-02
    8.61573238e-03   3.41410259e-11]
 [  2.34922508e-11   9.40591518e-03  -5.01924278e-03   9.87317064e-01
    5.33509331e-03   1.44458051e-11]
 [ -3.31946717e-11   1.99727251e-02  -3.13546410e-03  -1.20692682e-02
    9.97933850e-01  -6.38132979e-11]
 [ -3.26547490e-11   7.71221741e-03  -3.78644603e-03  -1.24554805e-02
   -4.03621504e-03   1.00000000e+00]] [[ 1.  0.  0.  0.  0.  0.]
 [ 0.  1.  0.  0.  0.  0.]
 [ 0.  0.  1.  0.  0.  0.]
 [ 0.  0.  0.  1.  0.  0.]
 [ 0.  0.  0.  0.  1.  0.]
 [ 0.  0.  0.  0.  0.  1.]]
