sim =  False
[[  2756.60871864   4711.26947353    946.45145029   2998.90021951
    -765.91780373  -2828.99970815]
 [  4711.26947353   9626.23202674   5614.68217548   7510.59832551
    3499.04847424   -756.76152983]
 [   946.45145029   5614.68217548  10624.25595497   7057.56807295
   12067.14185244   9504.04240015]
 [  2998.90021951   7510.59832551   7057.56807295   6893.02680683
    6439.99655427   3085.8303274 ]
 [  -765.91780373   3499.04847424  12067.14185244   6439.99655427
   15008.08993248  13346.63425738]
 [ -2828.99970815   -756.76152983   9504.04240015   3085.8303274
   13346.63425738  13569.2320927 ]]
====
[[  2.38281477e+01  -7.94292490e+00   1.13054510e+00   9.35017095e+00
   -2.61954265e+01   2.73723603e+01]
 [  1.15532610e+00   4.66107796e+09  -4.66107796e+09  -4.66107796e+09
    4.66107796e+09   1.82071445e+00]
 [ -7.96770590e+00  -4.66107796e+09   4.66107796e+09   4.66107795e+09
   -4.66107795e+09  -9.36319358e+00]
 [  2.51919952e-01  -4.66107796e+09   4.66107796e+09   4.66107796e+09
   -4.66107796e+09   1.45529045e-01]
 [ -1.70971755e+01   4.66107796e+09  -4.66107796e+09  -4.66107796e+09
    4.66107798e+09  -2.01898260e+01]
 [  2.73723603e+01  -8.87873995e+00   1.33626083e+00   1.08449835e+01
   -3.08892804e+01   3.21919897e+01]]
====
(array([  5.00993690e-11,   1.41998848e-02,   1.50082379e+00,
         6.05249155e+01,   1.74508735e+04,   4.09645321e+04]), array([[ -1.24205817e-09,   5.78043148e-01,  -6.66898257e-01,
          2.52497316e-01,   3.96359542e-01,  -1.60328479e-02],
       [  5.00000000e-01,   8.43644948e-02,   5.01371665e-01,
          8.10733911e-02,   6.59909061e-01,  -2.22387550e-01],
       [ -4.99999999e-01,  -2.45266087e-01,   9.61554961e-02,
          6.46123885e-01,   8.74255947e-02,  -5.05449660e-01],
       [ -5.00000000e-01,  -4.48445734e-02,  -5.35818537e-02,
         -6.95131820e-01,   4.05441018e-01,  -3.12293585e-01],
       [  5.00000001e-01,  -3.74475151e-01,  -4.58798023e-01,
         -1.30081326e-01,  -1.67042447e-01,  -5.95355695e-01],
       [ -1.44756506e-09,   6.75537285e-01,   2.85062532e-01,
         -1.09848706e-01,  -4.55511045e-01,  -4.92779545e-01]]))
====
1.04664879595e+16
====
[[  1.00000000e+00  -1.15986562e-03  -1.72610887e-03  -3.07505767e-03
    3.71813441e-03  -6.24374622e-11]
 [  1.34842080e-10   1.01224169e+00  -1.60663650e-02  -1.65027118e-02
    2.03890180e-02   1.58086495e-10]
 [ -4.64484126e-11   3.42371105e-03   9.96781591e-01  -3.69784857e-03
    8.51924366e-03  -3.93339571e-11]
 [  1.55384376e-11   1.13669233e-02  -2.14281160e-02   9.87886812e-01
    1.22364855e-02   5.65767515e-12]
 [  6.19592631e-13   1.25705140e-02  -1.86017311e-02  -2.10486467e-02
    1.01429453e+00   1.00580316e-11]
 [  1.83492784e-12   2.24604635e-02  -2.04965053e-02  -2.12166636e-02
    1.20618644e-02   1.00000000e+00]] [[ 1.  0.  0.  0.  0.  0.]
 [ 0.  1.  0.  0.  0.  0.]
 [ 0.  0.  1.  0.  0.  0.]
 [ 0.  0.  0.  1.  0.  0.]
 [ 0.  0.  0.  0.  1.  0.]
 [ 0.  0.  0.  0.  0.  1.]]
