sim =  False
[[  293.98220345   502.43916906   100.93491187   319.82106733
    -81.68318986  -301.70314654]
 [  502.43916906  1026.66598131   598.97536747   801.06742507
    373.37681123   -80.51815896]
 [  100.93491187   598.97536747  1133.60013034   752.93089253
   1287.55565539  1014.12568747]
 [  319.82106733   801.06742507   752.93089253   735.24240199
    687.10586945   329.35632243]
 [  -81.68318986   373.37681123  1287.55565539   687.10586945
   1601.28471362  1424.00016886]
 [ -301.70314654   -80.51815896  1014.12568747   329.35632243
   1424.00016886  1447.6557316 ]]
====
[[ 223.20307189   30.08261647  -93.90160148  -16.90027899 -140.8844967
   256.39870369]
 [  30.08261655    6.26655176  -13.3402923    -2.6715347   -22.27837873
    38.48541132]
 [ -93.90160155  -13.34029228   39.80751303    7.15269051   60.30049571
  -109.14063504]
 [ -16.90027907   -2.67153471    7.15269054    1.41894457   11.24316979
   -20.0636899 ]
 [-140.88449662  -22.27837866   60.30049563   11.24316973   93.82204387
  -167.68973562]
 [ 256.39870369   38.48541123 -109.14063495  -20.06368981 -167.68973571
   301.54732034]]
====
(array([ -1.45417012e-12,   1.51592743e-03,   1.60059666e-01,
         6.45898328e+00,   1.86108097e+03,   4.37072964e+03]), array([[ -4.27266121e-10,   5.78041794e-01,  -6.66897147e-01,
          2.52504278e-01,   3.96359659e-01,  -1.60153424e-02],
       [  5.00000000e-01,   8.43620751e-02,   5.01371766e-01,
          8.10728766e-02,   6.59921645e-01,  -2.22351082e-01],
       [ -5.00000000e-01,  -2.45274670e-01,   9.61535496e-02,
          6.46110601e-01,   8.74528003e-02,  -5.05458138e-01],
       [ -5.00000000e-01,  -4.48357876e-02,  -5.35806576e-02,
         -6.95137747e-01,   4.05461418e-01,  -3.12255371e-01],
       [  5.00000000e-01,  -3.74472531e-01,  -4.58798874e-01,
         -1.30100022e-01,  -1.67007427e-01,  -5.95362428e-01],
       [ -5.04305506e-10,   6.75537665e-01,   2.85064466e-01,
         -1.09851565e-01,  -4.55482172e-01,  -4.92803955e-01]]))
====
1.78033526885e+16
====
[[  1.00000000e+00   8.40723144e-11  -7.77947104e-11  -8.68577685e-11
    1.00702948e-10  -3.94228232e-11]
 [  1.65917883e-10   7.50000000e-01   2.50000000e-01   2.50000000e-01
   -2.50000000e-01   1.87561404e-10]
 [ -6.00544552e-11   2.50000000e-01   7.50000000e-01  -2.50000000e-01
    2.50000000e-01  -6.24102430e-11]
 [ -6.12006114e-11   2.50000000e-01  -2.50000000e-01   7.50000000e-01
    2.50000000e-01  -3.50151280e-11]
 [  1.71818633e-10  -2.50000000e-01   2.50000000e-01   2.50000000e-01
    7.50000000e-01   2.46294033e-10]
 [  4.71051387e-11   1.19041194e-10  -1.27460329e-10  -1.15039707e-10
    4.74123434e-11   1.00000000e+00]] [[ 1.  0.  0.  0.  0.  0.]
 [ 0.  1.  0.  0.  0.  0.]
 [ 0.  0.  1.  0.  0.  0.]
 [ 0.  0.  0.  1.  0.  0.]
 [ 0.  0.  0.  0.  1.  0.]
 [ 0.  0.  0.  0.  0.  1.]]
