sim =  False
[[  3243.60900767   5543.59319549   1113.65841703   3528.70594638
    -901.22883209  -3328.78826873]
 [  5543.59319549  11326.85329372   6606.5728044    8837.45317479
    4117.17268547   -890.49122978]
 [  1113.65841703   6606.5728044   12501.09796853   8304.35319185
   14198.87835598  11182.98096439]
 [  3528.70594638   8837.45317479   8304.35319185   8110.77033561
    7577.67035267   3630.9425852 ]
 [  -901.22883209   4117.17268547  14198.87835598   7577.67035267
   17659.37602318  15704.41477936]
 [ -3328.78826873   -890.49122978  11182.98096439   3630.9425852
   15704.41477936  15966.35387292]]
====
[[  2.02509180e+01  -1.19665789e+01   6.17692563e+00   1.31625598e+01
   -2.74789140e+01   2.32630574e+01]
 [  3.77308114e+00   4.75962388e+09  -4.75962388e+09  -4.75962388e+09
    4.75962387e+09   4.93151747e+00]
 [ -9.56273440e+00  -4.75962387e+09   4.75962388e+09   4.75962387e+09
   -4.75962387e+09  -1.13416672e+01]
 [ -2.57710024e+00  -4.75962388e+09   4.75962388e+09   4.75962388e+09
   -4.75962388e+09  -3.26046398e+00]
 [ -1.17392539e+01   4.75962389e+09  -4.75962388e+09  -4.75962389e+09
    4.75962390e+09  -1.37746681e+01]
 [  2.32630574e+01  -1.35677238e+01   7.15757412e+00   1.52387773e+01
   -3.22739095e+01   2.73591314e+01]]
====
(array([  4.76471084e-11,   1.67082252e-02,   1.76596689e+00,
         7.12168047e+01,   2.05338560e+04,   4.82012050e+04]), array([[ -1.43974044e-09,   5.78043163e-01,  -6.66898310e-01,
          2.52497136e-01,   3.96359532e-01,  -1.60332013e-02],
       [  5.00000000e-01,   8.43645441e-02,   5.01371652e-01,
          8.10734558e-02,   6.59908815e-01,  -2.22388265e-01],
       [ -4.99999999e-01,  -2.45265934e-01,   9.61554733e-02,
          6.46124128e-01,   8.74250511e-02,  -5.05449521e-01],
       [ -5.00000000e-01,  -4.48447297e-02,  -5.35818104e-02,
         -6.95131715e-01,   4.05440634e-01,  -3.12294302e-01],
       [  5.00000001e-01,  -3.74475203e-01,  -4.58797990e-01,
         -1.30081042e-01,  -1.67043130e-01,  -5.95355559e-01],
       [ -1.66928278e-09,   6.75537282e-01,   2.85062502e-01,
         -1.09848636e-01,  -4.55511605e-01,  -4.92779064e-01]]))
====
1.04664879595e+16
====
[[  1.00000000e+00  -1.29916017e-03  -1.04082413e-03   5.26588838e-03
   -2.52050290e-04   8.24344129e-11]
 [ -1.27102798e-10   1.02218774e+00  -3.13309112e-02  -1.72698740e-02
    5.69645058e-03  -1.61681521e-10]
 [ -7.11947484e-11   3.07980093e-02   9.70553865e-01  -2.16545180e-02
    1.86320554e-02  -9.83825868e-11]
 [ -4.68977074e-11   2.52208598e-02  -3.02762519e-02   9.83979492e-01
    2.29654621e-02  -3.86548987e-11]
 [ -7.13291828e-11   4.57668317e-02  -3.25146776e-02  -4.01533542e-02
    1.02830552e+00  -1.18012055e-10]
 [ -1.18517419e-10   4.12569175e-03  -6.22265668e-03   7.05203178e-03
   -9.32077253e-03   1.00000000e+00]] [[ 1.  0.  0.  0.  0.  0.]
 [ 0.  1.  0.  0.  0.  0.]
 [ 0.  0.  1.  0.  0.  0.]
 [ 0.  0.  0.  1.  0.  0.]
 [ 0.  0.  0.  0.  1.  0.]
 [ 0.  0.  0.  0.  0.  1.]]
