sim =  False
[[  3342.29851098   5712.26165556   1147.54243911   3636.06979643
    -928.64942002  -3430.06938146]
 [  5712.26165556  11671.47997546   6807.57648684   9106.33685512
    4242.4333665    -917.59188185]
 [  1147.54243911   6807.57648684  12881.43411902   8557.01048631
   14630.86811849  11523.21256899]
 [  3636.06979643   9106.33685512   8557.01048631   8357.54276667
    7808.21639786   3741.40757629]
 [  -928.64942002   4242.4333665   14630.86811849   7808.21639786
   18196.65114985  16182.21202714]
 [ -3430.06938146   -917.59188185  11523.21256899   3741.40757629
   16182.21202714  16452.1238283 ]]
====
[[  1.96530240e+01  -1.16115296e+01   5.99281343e+00   1.27721999e+01
   -2.66658760e+01   2.25762331e+01]
 [  4.85234718e+00   4.79405748e+09  -4.79405748e+09  -4.79405748e+09
    4.79405747e+09   6.20791170e+00]
 [ -1.04710633e+01  -4.79405748e+09   4.79405748e+09   4.79405747e+09
   -4.79405747e+09  -1.24288053e+01]
 [ -3.69167688e+00  -4.79405748e+09   4.79405748e+09   4.79405748e+09
   -4.79405748e+09  -4.58619585e+00]
 [ -1.02019993e+01   4.79405749e+09  -4.79405748e+09  -4.79405749e+09
    4.79405750e+09  -1.19459876e+01]
 [  2.25762331e+01  -1.31516437e+01   6.93075007e+00   1.47733595e+01
   -3.13055430e+01   2.65513728e+01]]
====
(array([  4.75952610e-11,   1.72165308e-02,   1.81969778e+00,
         7.33834832e+01,   2.11586153e+04,   4.96676946e+04]), array([[ -1.46828509e-09,   5.78043167e-01,  -6.66898314e-01,
          2.52497113e-01,   3.96359531e-01,  -1.60332576e-02],
       [  5.00000000e-01,   8.43645519e-02,   5.01371652e-01,
          8.10734587e-02,   6.59908775e-01,  -2.22388382e-01],
       [ -4.99999999e-01,  -2.45265907e-01,   9.61554782e-02,
          6.46124171e-01,   8.74249637e-02,  -5.05449494e-01],
       [ -5.00000000e-01,  -4.48447576e-02,  -5.35818128e-02,
         -6.95131696e-01,   4.05440569e-01,  -3.12294424e-01],
       [  5.00000001e-01,  -3.74475211e-01,  -4.58797986e-01,
         -1.30080984e-01,  -1.67043243e-01,  -5.95355537e-01],
       [ -1.70342282e-09,   6.75537281e-01,   2.85062496e-01,
         -1.09848627e-01,  -4.55511698e-01,  -4.92778985e-01]]))
====
4.95583568686e+16
====
[[  1.00000000e+00   3.97960682e-03  -7.42477976e-03  -9.94971309e-03
    1.06665136e-02   1.42365921e-10]
 [ -6.16712228e-11   9.93678785e-01   6.49040778e-03   7.85012255e-03
    1.83652262e-04  -3.10842987e-11]
 [ -1.46664899e-10  -1.55294025e-02   1.04622713e+00   1.84906845e-02
   -2.55904312e-02  -1.40575114e-10]
 [ -8.07020972e-11  -1.21195988e-03   1.23542393e-02   9.92169255e-01
   -1.38237608e-03  -7.72077471e-11]
 [ -1.76529662e-10  -1.35144183e-02   5.51852308e-02   5.27790883e-02
    9.58030521e-01  -2.23787951e-10]
 [ -2.09078090e-10  -3.49050744e-02   5.04416009e-02   4.20203951e-02
   -5.00373946e-02   1.00000000e+00]] [[ 1.  0.  0.  0.  0.  0.]
 [ 0.  1.  0.  0.  0.  0.]
 [ 0.  0.  1.  0.  0.  0.]
 [ 0.  0.  0.  1.  0.  0.]
 [ 0.  0.  0.  0.  1.  0.]
 [ 0.  0.  0.  0.  0.  1.]]
