sim =  False
[[  3440.96163993   5880.88497188   1181.41729099   3743.40485443
    -956.06282645  -3531.32354841]
 [  5880.88497188  12016.01428918   7008.52611189   9375.14837664
    4367.66019935   -944.68555007]
 [  1181.41729099   7008.52611189  13261.66818785   8809.59991499
   15062.74199095  11863.35296162]
 [  3743.40485443   9375.14837664   8809.59991499   8604.2489423
    8038.70048065   3851.84282949]
 [  -956.06282645   4367.66019935  15062.74199095   8038.70048065
   18733.78227225  16659.88134118]
 [ -3531.32354841   -944.68555007  11863.35296162   3851.84282949
   16659.88134118  16937.76384607]]
====
[[  1.90895692e+01  -8.54010207e+00   3.08247680e+00   9.66749570e+00
   -2.31628404e+01   2.19289704e+01]
 [  5.12991758e+00   4.20606188e+09  -4.20606189e+09  -4.20606188e+09
    4.20606188e+09   6.49722592e+00]
 [ -1.05875428e+01  -4.20606188e+09   4.20606189e+09   4.20606188e+09
   -4.20606187e+09  -1.25397649e+01]
 [ -4.00252394e+00  -4.20606189e+09   4.20606189e+09   4.20606188e+09
   -4.20606188e+09  -4.92200584e+00]
 [ -9.49282078e+00   4.20606189e+09  -4.20606189e+09  -4.20606189e+09
    4.20606190e+09  -1.11361990e+01]
 [  2.19289704e+01  -9.58781882e+00   3.54527984e+00   1.11630389e+01
   -2.72212438e+01   2.57901417e+01]]
====
(array([  5.26414467e-11,   1.77246999e-02,   1.87341462e+00,
         7.55495839e+01,   2.17832076e+04,   5.11337908e+04]), array([[ -1.37895963e-09,   5.78043173e-01,  -6.66898312e-01,
          2.52497101e-01,   3.96359532e-01,  -1.60333032e-02],
       [  5.00000000e-01,   8.43645581e-02,   5.01371653e-01,
          8.10734516e-02,   6.59908741e-01,  -2.22388480e-01],
       [ -4.99999999e-01,  -2.45265881e-01,   9.61554929e-02,
          6.46124209e-01,   8.74248920e-02,  -5.05449467e-01],
       [ -5.00000000e-01,  -4.48447837e-02,  -5.35818263e-02,
         -6.95131678e-01,   4.05440511e-01,  -3.12294532e-01],
       [  5.00000001e-01,  -3.74475218e-01,  -4.58797987e-01,
         -1.30080921e-01,  -1.67043338e-01,  -5.95355519e-01],
       [ -1.59814742e-09,   6.75537279e-01,   2.85062489e-01,
         -1.09848621e-01,  -4.55511776e-01,  -4.92778920e-01]]))
====
4.95583568686e+16
====
[[  1.00000000e+00   2.32219296e-02  -2.13079214e-02  -2.62250373e-02
    2.24499568e-02   2.89398614e-11]
 [ -3.71289188e-12   1.00693211e+00   8.76843154e-04   1.28351797e-03
    3.93886453e-03  -3.23371344e-11]
 [  4.50988128e-11   7.65941732e-04   9.86312103e-01  -1.53353644e-02
    2.33035780e-03  -1.70031973e-11]
 [ -1.66110409e-11   3.28653623e-02  -1.57333396e-02   9.72270724e-01
    2.28020338e-02  -4.29404484e-11]
 [  4.97715971e-12  -2.56183738e-02   1.42069911e-02   2.35944117e-02
    9.57157209e-01  -4.77237137e-11]
 [  5.59311787e-11  -2.66234219e-02   1.84113972e-02   3.25106289e-02
   -3.32459130e-02   1.00000000e+00]] [[ 1.  0.  0.  0.  0.  0.]
 [ 0.  1.  0.  0.  0.  0.]
 [ 0.  0.  1.  0.  0.  0.]
 [ 0.  0.  0.  1.  0.  0.]
 [ 0.  0.  0.  0.  1.  0.]
 [ 0.  0.  0.  0.  0.  1.]]
