sim =  False
[[  3539.62476887   6049.5082882    1215.29214287   3850.73991244
    -983.47623289  -3632.57771535]
 [  6049.5082882   12360.54860291   7209.47573695   9643.95989817
    4492.88703221   -971.77921829]
 [  1215.29214287   7209.47573695  13641.90225669   9062.18934368
   15494.61586342  12203.49335424]
 [  3850.73991244   9643.95989817   9062.18934368   8850.95511794
    8269.18456344   3962.27808268]
 [  -983.47623289   4492.88703221  15494.61586342   8269.18456344
   19270.91339465  17137.55065522]
 [ -3632.57771535   -971.77921829  12203.49335424   3962.27808268
   17137.55065522  17423.40386383]]
====
[[  1.85575225e+01  -6.91124775e+00   1.60573373e+00   8.00721964e+00
   -2.11264366e+01   2.13177876e+01]
 [  5.84593247e+00   4.15257075e+09  -4.15257075e+09  -4.15257075e+09
    4.15257074e+09   7.32039371e+00]
 [ -1.11514465e+01  -4.15257075e+09   4.15257075e+09   4.15257075e+09
   -4.15257074e+09  -1.31945200e+01]
 [ -4.74996058e+00  -4.15257075e+09   4.15257075e+09   4.15257075e+09
   -4.15257075e+09  -5.78907756e+00]
 [ -8.36925641e+00   4.15257075e+09  -4.15257075e+09  -4.15257076e+09
    4.15257076e+09  -9.82156924e+00]
 [  2.13177876e+01  -7.68468079e+00   1.81055454e+00   9.21599694e+00
   -2.48266437e+01   2.50713432e+01]]
====
(array([  6.18644024e-11,   1.82328690e-02,   1.92713146e+00,
         7.77156846e+01,   2.24077999e+04,   5.25998870e+04]), array([[ -1.12595118e-09,   5.78043178e-01,  -6.66898311e-01,
          2.52497090e-01,   3.96359533e-01,  -1.60333463e-02],
       [  5.00000000e-01,   8.43645638e-02,   5.01371655e-01,
          8.10734449e-02,   6.59908709e-01,  -2.22388573e-01],
       [ -5.00000000e-01,  -2.45265857e-01,   9.61555067e-02,
          6.46124245e-01,   8.74248242e-02,  -5.05449442e-01],
       [ -5.00000000e-01,  -4.48448082e-02,  -5.35818392e-02,
         -6.95131662e-01,   4.05440457e-01,  -3.12294634e-01],
       [  5.00000001e-01,  -3.74475225e-01,  -4.58797987e-01,
         -1.30080861e-01,  -1.67043427e-01,  -5.95355503e-01],
       [ -1.30286807e-09,   6.75537277e-01,   2.85062483e-01,
         -1.09848616e-01,  -4.55511851e-01,  -4.92778858e-01]]))
====
4.95583568686e+16
====
[[  1.00000000e+00  -2.43614112e-04  -1.98038593e-03   1.97880133e-03
   -2.66105179e-04  -1.32586113e-10]
 [ -7.09763273e-12   9.90538288e-01   1.19199714e-02   5.33174197e-04
   -7.99106464e-03  -2.23796068e-11]
 [  8.00598735e-11   2.04523640e-02   9.81490683e-01  -1.45296466e-02
    3.91806911e-03   7.55977835e-11]
 [  6.11253915e-11   2.17926938e-02  -9.56886482e-03   1.00212167e+00
   -7.21898655e-04   6.28497047e-11]
 [  3.23975239e-11   1.03131107e-02  -1.42294937e-02  -1.06099937e-02
    1.00885608e+00   6.07435209e-11]
 [  6.64756034e-11   1.21274031e-02  -1.97031396e-02  -2.41763414e-03
    2.94898496e-03   1.00000000e+00]] [[ 1.  0.  0.  0.  0.  0.]
 [ 0.  1.  0.  0.  0.  0.]
 [ 0.  0.  1.  0.  0.  0.]
 [ 0.  0.  0.  1.  0.  0.]
 [ 0.  0.  0.  0.  1.  0.]
 [ 0.  0.  0.  0.  0.  1.]]
