sim =  False
[[  3638.24708424   6218.06185079   1249.15298189   3958.03056959
   -1010.87829931  -3733.78999688]
 [  6218.06185079  12704.94039961   7410.34225102   9912.66022868
    4618.06208008   -998.86166397]
 [  1249.15298189   7410.34225102  14021.97907981   9314.67430577
   15926.31113456  12543.49308585]
 [  3958.03056959   9912.66022868   9314.67430577   9097.55924966
    8499.57332675   4072.66767331]
 [ -1010.87829931   4618.06208008  15926.31113456   8499.57332675
   19807.82238122  17615.02242313]
 [ -3733.78999688   -998.86166397  12543.49308585   4072.66767331
   17615.02242313  17908.84303166]]
====
[[  1.80545315e+01  -4.30844774e+00  -8.53262074e-01   5.37471386e+00
   -1.81383438e+01   2.07399820e+01]
 [  6.61559714e+00   3.85117371e+09  -3.85117371e+09  -3.85117371e+09
    3.85117370e+09   8.19506337e+00]
 [ -1.17773070e+01  -3.85117371e+09   3.85117371e+09   3.85117371e+09
   -3.85117370e+09  -1.39099741e+01]
 [ -5.54933102e+00  -3.85117371e+09   3.85117371e+09   3.85117371e+09
   -3.85117370e+09  -6.70525347e+00]
 [ -7.21429888e+00   3.85117371e+09  -3.85117371e+09  -3.85117371e+09
    3.85117372e+09  -8.48227683e+00]
 [  2.07399820e+01  -4.65942670e+00  -1.05548406e+00   6.14923661e+00
   -2.13367669e+01   2.43917991e+01]]
====
(array([  6.23529006e-11,   1.87408280e-02,   1.98082608e+00,
         7.98808896e+01,   2.30321338e+04,   5.40653769e+04]), array([[ -9.15866402e-10,   5.78043183e-01,  -6.66898309e-01,
          2.52497079e-01,   3.96359534e-01,  -1.60333869e-02],
       [  5.00000000e-01,   8.43645692e-02,   5.01371656e-01,
          8.10734386e-02,   6.59908678e-01,  -2.22388660e-01],
       [ -5.00000000e-01,  -2.45265834e-01,   9.61555198e-02,
          6.46124279e-01,   8.74247604e-02,  -5.05449418e-01],
       [ -5.00000000e-01,  -4.48448313e-02,  -5.35818512e-02,
         -6.95131646e-01,   4.05440406e-01,  -3.12294730e-01],
       [  5.00000001e-01,  -3.74475232e-01,  -4.58797987e-01,
         -1.30080805e-01,  -1.67043512e-01,  -5.95355487e-01],
       [ -1.05382268e-09,   6.75537276e-01,   2.85062477e-01,
         -1.09848611e-01,  -4.55511921e-01,  -4.92778800e-01]]))
====
1.28180919311e+16
====
[[  1.00000000e+00   2.17949572e-02  -2.27620419e-02  -2.56587695e-02
    2.48026515e-02   4.32109639e-11]
 [ -2.44626077e-11   9.88373911e-01   2.04790485e-02   1.67204933e-02
   -2.21275163e-02  -3.25729383e-11]
 [ -1.31855124e-11  -3.79968907e-02   1.03748390e+00   2.74663141e-02
   -3.60004851e-02  -2.92289238e-11]
 [  5.09341375e-12  -9.30344517e-04   1.39126245e-02   1.01150317e+00
   -1.23691546e-02   5.60429093e-12]
 [ -7.50176846e-11  -6.42019362e-02   6.00057682e-02   6.69622805e-02
    9.36857089e-01  -9.91986384e-11]
 [ -5.82462543e-11  -3.83308664e-02   3.28097494e-02   3.52848407e-02
   -3.43849908e-02   1.00000000e+00]] [[ 1.  0.  0.  0.  0.  0.]
 [ 0.  1.  0.  0.  0.  0.]
 [ 0.  0.  1.  0.  0.  0.]
 [ 0.  0.  0.  1.  0.  0.]
 [ 0.  0.  0.  0.  1.  0.]
 [ 0.  0.  0.  0.  0.  1.]]
