sim =  False
[[  3736.70614527   6386.33639845   1282.95776945   4065.14362328
   -1038.23500572  -3834.83473674]
 [  6386.33639845  13048.76212826   7610.87632115  10180.91579512
    4743.02998801  -1025.89921947]
 [  1282.95776945   7610.87632115  14401.42692005   9566.74140151
   16357.29200041  12882.9301734 ]
 [  4065.14362328  10180.91579512   9566.74140151   9343.75520573
    8729.58081211   4182.87461368]
 [ -1038.23500572   4743.02998801  16357.29200041   8729.58081211
   20343.84282451  18091.70400655]
 [ -3834.83473674  -1025.89921947  12882.9301734    4182.87461368
   18091.70400655  18393.4787997 ]]
====
[[  1.75788550e+01  -5.38535161e+00   3.59636773e-01   6.42352511e+00
   -1.88508777e+01   2.01935536e+01]
 [  7.41408238e+00   4.39985601e+09  -4.39985601e+09  -4.39985601e+09
    4.39985600e+09   9.13324944e+00]
 [ -1.24397972e+01  -4.39985601e+09   4.39985601e+09   4.39985601e+09
   -4.39985600e+09  -1.46975908e+01]
 [ -6.37590888e+00  -4.39985601e+09   4.39985601e+09   4.39985601e+09
   -4.39985600e+09  -7.68269177e+00]
 [ -6.05144367e+00   4.39985601e+09  -4.39985601e+09  -4.39985601e+09
    4.39985602e+09  -7.10469892e+00]
 [  2.01935536e+01  -5.91870591e+00   3.54364551e-01   7.36926358e+00
   -2.21566543e+01   2.37491570e+01]]
====
(array([  5.04464248e-11,   1.92479467e-02,   2.03443182e+00,
         8.20425117e+01,   2.36554343e+04,   5.55284416e+04]), array([[ -7.37179053e-10,   5.78043187e-01,  -6.66898308e-01,
          2.52497069e-01,   3.96359535e-01,  -1.60334249e-02],
       [  5.00000000e-01,   8.43645742e-02,   5.01371657e-01,
          8.10734326e-02,   6.59908650e-01,  -2.22388742e-01],
       [ -5.00000000e-01,  -2.45265813e-01,   9.61555321e-02,
          6.46124311e-01,   8.74247006e-02,  -5.05449395e-01],
       [ -5.00000000e-01,  -4.48448530e-02,  -5.35818626e-02,
         -6.95131631e-01,   4.05440358e-01,  -3.12294820e-01],
       [  5.00000000e-01,  -3.74475237e-01,  -4.58797988e-01,
         -1.30080752e-01,  -1.67043591e-01,  -5.95355473e-01],
       [ -8.48033259e-10,   6.75537275e-01,   2.85062472e-01,
         -1.09848607e-01,  -4.55511986e-01,  -4.92778745e-01]]))
====
1.28180919311e+16
====
[[  1.00000000e+00   3.07393769e-03  -6.67038294e-03  -1.04312546e-02
    8.26126923e-03  -6.87862225e-11]
 [  8.81718856e-11   1.04508921e+00  -5.17392134e-02  -4.72077876e-02
    4.55076565e-02   1.14427924e-10]
 [  1.00757937e-10   5.04687849e-02   9.44491416e-01  -5.28516755e-02
    6.12160973e-02   8.62448833e-11]
 [  4.61250672e-11   4.65766269e-02  -3.75470375e-02   9.70371547e-01
    5.29060219e-02   4.27247253e-11]
 [  1.11358371e-10   9.04463265e-02  -9.54315342e-02  -7.37624674e-02
    1.07976084e+00  -8.81140375e-12]
 [  1.39882861e-10   6.92336753e-02  -4.25849361e-02  -5.00572848e-02
    6.54699883e-02   1.00000000e+00]] [[ 1.  0.  0.  0.  0.  0.]
 [ 0.  1.  0.  0.  0.  0.]
 [ 0.  0.  1.  0.  0.  0.]
 [ 0.  0.  0.  1.  0.  0.]
 [ 0.  0.  0.  0.  1.  0.]
 [ 0.  0.  0.  0.  0.  1.]]
