sim =  False
[[  3835.31929628   6554.8743798    1316.81559984   4172.42443002
   -1065.63434994  -3936.03746779]
 [  6554.8743798   13393.12224958   7811.7245931   10449.59152518
    4868.1938687   -1052.97882323]
 [  1316.81559984   7811.7245931   14781.46899543   9819.20333594
   16788.94773827  13222.89869837]
 [  4172.42443002  10449.59152518   9819.20333594   9590.33680005
    8959.94861082   4293.25422722]
 [ -1065.63434994   4868.1938687   16788.94773827   8959.94861082
   20880.70248038  18569.13174882]
 [ -3936.03746779  -1052.97882323  13222.89869837   4293.25422722
   18569.13174882  18878.87304271]]
====
[[ 17.12691171   2.30857824  -7.20508343  -1.29709572 -10.81075747
   19.67438835]
 [  2.30857828   0.48074641  -1.02365859  -0.20502602  -1.70943103
    2.95311478]
 [ -7.20508347  -1.02365858   3.05432542   0.54894493   4.62692897
   -8.37439917]
 [ -1.29709576  -0.20502602   0.54894495   0.10891747   0.86288844
   -1.53985084]
 [-10.81075743  -1.709431     4.62692892   0.86288841   7.19924838
  -12.86736469]
 [ 19.67438835   2.95311474  -8.37439912  -1.53985079 -12.86736474
   23.13857873]]
====
(array([  4.68878269e-11,   1.97558593e-02,   2.08812108e+00,
         8.42075143e+01,   2.42797103e+04,   5.69937972e+04]), array([[ -9.43035589e-10,   5.78043190e-01,  -6.66898312e-01,
          2.52497049e-01,   3.96359534e-01,  -1.60334694e-02],
       [  5.00000000e-01,   8.43645806e-02,   5.01371656e-01,
          8.10734375e-02,   6.59908618e-01,  -2.22388833e-01],
       [ -5.00000000e-01,  -2.45265792e-01,   9.61555330e-02,
          6.46124343e-01,   8.74246319e-02,  -5.05449376e-01],
       [ -5.00000000e-01,  -4.48448741e-02,  -5.35818613e-02,
         -6.95131617e-01,   4.05440308e-01,  -3.12294913e-01],
       [  5.00000001e-01,  -3.74475244e-01,  -4.58797984e-01,
         -1.30080711e-01,  -1.67043678e-01,  -5.95355456e-01],
       [ -1.08877139e-09,   6.75537274e-01,   2.85062468e-01,
         -1.09848598e-01,  -4.55512058e-01,  -4.92778684e-01]]))
====
1.04664879595e+16
====
[[  1.00000000e+00  -3.65521894e-10   3.75536086e-10   3.65041676e-10
   -3.40048506e-10  -5.51272194e-11]
 [ -3.26175516e-10   7.50000000e-01   2.50000000e-01   2.50000000e-01
   -2.50000000e-01  -4.11186621e-10]
 [  3.88636363e-10   2.50000000e-01   7.50000000e-01  -2.50000000e-01
    2.50000000e-01   4.98423036e-10]
 [  3.90354274e-10   2.50000000e-01  -2.50000000e-01   7.50000000e-01
    2.50000000e-01   4.63443620e-10]
 [ -2.75431241e-10  -2.50000000e-01   2.50000000e-01   2.50000000e-01
    7.50000000e-01  -3.60323021e-10]
 [  8.66892548e-11  -4.31182663e-10   4.21587145e-10   4.31102572e-10
   -4.69986070e-10   1.00000000e+00]] [[ 1.  0.  0.  0.  0.  0.]
 [ 0.  1.  0.  0.  0.  0.]
 [ 0.  0.  1.  0.  0.  0.]
 [ 0.  0.  0.  1.  0.  0.]
 [ 0.  0.  0.  0.  1.  0.]
 [ 0.  0.  0.  0.  0.  1.]]
