sim =  False
[[  3934.03517396   6723.5879836    1350.70879211   4279.81707211
   -1093.06211938  -4037.34552631]
 [  6723.5879836   13737.84129934   8012.78233294  10718.5473643
    4993.4883979   -1080.08645916]
 [  1350.70879211   8012.78233294  15161.90722758  10071.92849617
   17221.05339081  13563.22151496]
 [  4279.81707211  10718.5473643   10071.92849617   9837.17548655
    9190.55661841   4403.74895621]
 [ -1093.06211938   4993.4883979   17221.05339081   9190.55661841
   21418.12161132  19047.05693033]
 [ -4037.34552631  -1080.08645916  13563.22151496   4403.74895621
   19047.05693033  19364.77293569]]
====
[[ 16.69718819   2.25065532  -7.02430351  -1.26455151 -10.53951044
   19.18074789]
 [  2.25065537   0.46868404  -0.99797451  -0.19988187  -1.66654044
    2.87901967]
 [ -7.02430355  -0.9979745    2.97769031   0.53517182   4.51083667
   -8.16428048]
 [ -1.26455156  -0.19988188   0.53517184   0.10618475   0.84123847
   -1.50121582]
 [-10.5395104   -1.6665404    4.51083662   0.84123844   7.01861553
  -12.54451588]
 [ 19.18074789   2.87901962  -8.16428043  -1.50121577 -12.54451593
   22.55801959]]
====
(array([  2.18981499e-11,   2.02643012e-02,   2.14186602e+00,
         8.63747706e+01,   2.49046366e+04,   5.84606802e+04]), array([[ -7.97568038e-10,   5.78043191e-01,  -6.66898321e-01,
          2.52497022e-01,   3.96359532e-01,  -1.60335171e-02],
       [  5.00000000e-01,   8.43645871e-02,   5.01371654e-01,
          8.10734489e-02,   6.59908586e-01,  -2.22388929e-01],
       [ -5.00000000e-01,  -2.45265773e-01,   9.61555269e-02,
          6.46124375e-01,   8.74245587e-02,  -5.05449359e-01],
       [ -5.00000000e-01,  -4.48448940e-02,  -5.35818521e-02,
         -6.95131604e-01,   4.05440258e-01,  -3.12295008e-01],
       [  5.00000001e-01,  -3.74475251e-01,  -4.58797979e-01,
         -1.30080677e-01,  -1.67043769e-01,  -5.95355437e-01],
       [ -9.18859745e-10,   6.75537274e-01,   2.85062464e-01,
         -1.09848588e-01,  -4.55512133e-01,  -4.92778620e-01]]))
====
1.04664879595e+16
====
[[  1.00000000e+00  -4.74210527e-10   4.80257111e-10   4.70802365e-10
   -4.30806110e-10  -4.30908084e-11]
 [ -3.28337602e-10   7.50000000e-01   2.50000000e-01   2.50000000e-01
   -2.50000000e-01  -3.96915226e-10]
 [  4.65411112e-10   2.50000000e-01   7.50000000e-01  -2.50000000e-01
    2.50000000e-01   5.65660589e-10]
 [  4.90695086e-10   2.50000000e-01  -2.50000000e-01   7.50000000e-01
    2.50000000e-01   5.92447552e-10]
 [ -4.14475134e-10  -2.50000000e-01   2.50000000e-01   2.50000000e-01
    7.50000001e-01  -5.30435788e-10]
 [  8.92311631e-11  -5.48382360e-10   5.40296546e-10   5.52276454e-10
   -6.15889183e-10   1.00000000e+00]] [[ 1.  0.  0.  0.  0.  0.]
 [ 0.  1.  0.  0.  0.  0.]
 [ 0.  0.  1.  0.  0.  0.]
 [ 0.  0.  0.  1.  0.  0.]
 [ 0.  0.  0.  0.  1.  0.]
 [ 0.  0.  0.  0.  0.  1.]]
