sim =  False
[[  4032.75105163   6892.30158741   1384.60198438   4387.20971421
   -1120.48988882  -4138.65358483]
 [  6892.30158741  14082.56034911   8213.84007277  10987.50320343
    5118.7829271   -1107.19409509]
 [  1384.60198438   8213.84007277  15542.34545972  10324.6536564
   17653.15904335  13903.54433155]
 [  4387.20971421  10987.50320343  10324.6536564   10084.01417304
    9421.16462601   4514.24368519]
 [ -1120.48988882   5118.7829271   17653.15904335   9421.16462601
   21955.54074226  19524.98211184]
 [ -4138.65358483  -1107.19409509  13903.54433155   4514.24368519
   19524.98211184  19850.67282868]]
====
[[ 16.28850085   2.19556787  -6.8523733   -1.23360041 -10.28154169
   18.7112725 ]
 [  2.19556792   0.45721216  -0.97354773  -0.19498955  -1.62574946
    2.80855171]
 [ -6.85237334  -0.97354772   2.90480672   0.52207294   4.40042742
   -7.96444772]
 [ -1.23360046  -0.19498955   0.52207295   0.10358581   0.82064832
   -1.46447207]
 [-10.28154165  -1.62574942   4.40042738   0.82064829   6.84682515
  -12.23747142]
 [ 18.7112725    2.80855166  -7.96444767  -1.46447202 -12.23747147
   22.00588046]]
====
(array([  4.65172342e-12,   2.07727431e-02,   2.19561096e+00,
         8.85420269e+01,   2.55295630e+04,   5.99275632e+04]), array([[ -6.88589617e-10,   5.78043193e-01,  -6.66898329e-01,
          2.52496997e-01,   3.96359530e-01,  -1.60335625e-02],
       [  5.00000000e-01,   8.43645933e-02,   5.01371652e-01,
          8.10734598e-02,   6.59908555e-01,  -2.22389020e-01],
       [ -5.00000000e-01,  -2.45265754e-01,   9.61555210e-02,
          6.46124405e-01,   8.74244891e-02,  -5.05449342e-01],
       [ -5.00000000e-01,  -4.48449130e-02,  -5.35818433e-02,
         -6.95131591e-01,   4.05440210e-01,  -3.12295097e-01],
       [  5.00000000e-01,  -3.74475258e-01,  -4.58797974e-01,
         -1.30080645e-01,  -1.67043856e-01,  -5.95355420e-01],
       [ -7.89389395e-10,   6.75537274e-01,   2.85062461e-01,
         -1.09848579e-01,  -4.55512204e-01,  -4.92778558e-01]]))
====
1.04664879595e+16
====
[[  1.00000000e+00  -5.47766452e-10   5.48320049e-10   5.46149321e-10
   -5.20119364e-10  -4.92703869e-11]
 [ -4.81439053e-10   7.50000000e-01   2.50000000e-01   2.50000000e-01
   -2.50000000e-01  -6.13717387e-10]
 [  5.24280959e-10   2.50000000e-01   7.50000000e-01  -2.50000000e-01
    2.50000000e-01   6.64685021e-10]
 [  5.18968110e-10   2.50000000e-01  -2.50000000e-01   7.50000000e-01
    2.50000000e-01   6.01426408e-10]
 [ -4.98517520e-10  -2.50000000e-01   2.50000000e-01   2.50000000e-01
    7.50000001e-01  -6.18452411e-10]
 [ -3.02807104e-11  -6.58788889e-10   6.75835900e-10   6.52983786e-10
   -6.14861788e-10   1.00000000e+00]] [[ 1.  0.  0.  0.  0.  0.]
 [ 0.  1.  0.  0.  0.  0.]
 [ 0.  0.  1.  0.  0.  0.]
 [ 0.  0.  0.  1.  0.  0.]
 [ 0.  0.  0.  0.  1.  0.]
 [ 0.  0.  0.  0.  0.  1.]]
