sim =  False
[[  590.65254693  1009.47331188   202.7939183    642.56761301
   -164.11178056  -606.16379917]
 [ 1009.47331188  2062.65073351  1203.22007661  1609.3623131    749.9316562
   -161.97781421]
 [  202.7939183   1203.22007661  2276.94966776  1512.45424684
   2586.18383798  2036.91629909]
 [  642.56761301  1609.3623131   1512.45424684  1477.07005336  1380.1619871
    661.43515387]
 [ -164.11178056   749.9316562   2586.18383798  1380.1619871   3216.41416888
   2860.32926717]
 [ -606.16379917  -161.97781421  2036.91629909   661.43515387
   2860.32926717  2907.94816518]]
====
[[ 111.15565177   14.98212668  -46.76248418   -8.41739537  -70.16200632
   127.6881673 ]
 [  14.98212676    3.12041447   -6.64358663   -1.33054307  -11.09454419
    19.16595651]
 [ -46.76248426   -6.6435866    19.82354449    3.56240559   30.02953673
   -54.35151995]
 [  -8.41739545   -1.33054308    3.56240562    0.70676954    5.59971824
    -9.99284701]
 [ -70.16200624  -11.09454412   30.02953664    5.59971818   46.72379901
   -83.5103232 ]
 [ 127.6881673    19.16595642  -54.35151985   -9.99284692  -83.5103233
   150.17170811]]
====
(array([ -5.39929213e-13,   3.04400321e-03,   3.21579194e-01,
         1.29723829e+01,   3.73916947e+03,   8.77921886e+03]), array([[ -3.29117163e-10,   5.78042501e-01,  -6.66897879e-01,
          2.52500255e-01,   3.96359564e-01,  -1.60250757e-02],
       [  5.00000000e-01,   8.43634212e-02,   5.01371668e-01,
          8.10733717e-02,   6.59914682e-01,  -2.22371278e-01],
       [ -5.00000000e-01,  -2.45269975e-01,   9.61543935e-02,
          6.46117895e-01,   8.74376941e-02,  -5.05453546e-01],
       [ -5.00000000e-01,  -4.48405903e-02,  -5.35810639e-02,
         -6.95134508e-01,   4.05450179e-01,  -3.12276414e-01],
       [  5.00000000e-01,  -3.74473985e-01,  -4.58798338e-01,
         -1.30089985e-01,  -1.67026809e-01,  -5.95358682e-01],
       [ -3.85996599e-10,   6.75537471e-01,   2.85063426e-01,
         -1.09849928e-01,  -4.55498141e-01,  -4.92790427e-01]]))
====
6.39796025635e+15
====
[[  1.00000000e+00  -6.26040667e-11   4.39574640e-11   6.47509202e-11
   -1.05800622e-10   7.80249844e-11]
 [ -4.02230761e-11   7.50000000e-01   2.50000000e-01   2.50000000e-01
   -2.50000000e-01  -6.07749313e-11]
 [ -4.86388565e-11   2.50000000e-01   7.50000000e-01  -2.50000000e-01
    2.50000000e-01  -3.64582950e-11]
 [  1.48412071e-11   2.50000000e-01  -2.50000000e-01   7.50000000e-01
    2.50000000e-01   4.20912171e-11]
 [ -1.86919219e-10  -2.50000000e-01   2.50000000e-01   2.50000000e-01
    7.50000000e-01  -2.12286832e-10]
 [ -1.04347792e-10  -9.82643592e-11   1.47244601e-10   8.92441654e-11
   -3.81130725e-11   1.00000000e+00]] [[ 1.  0.  0.  0.  0.  0.]
 [ 0.  1.  0.  0.  0.  0.]
 [ 0.  0.  1.  0.  0.  0.]
 [ 0.  0.  0.  1.  0.  0.]
 [ 0.  0.  0.  0.  1.  0.]
 [ 0.  0.  0.  0.  0.  1.]]
