sim =  False
[[  689.57355959  1178.53750861   236.75754223   750.1834211   -191.59654529
   -707.68237886]
 [ 1178.53750861  2408.08609655  1404.6955468   1878.87701673
    875.48646699  -189.14185442]
 [  236.75754223  1404.6955468   2658.17824238  1765.70447369
   3019.18716927  2377.94609979]
 [  750.1834211   1878.87701673  1765.70447369  1724.42162968
   1611.24908664   772.15939089]
 [ -191.59654529   875.48646699  3019.18716927  1611.24908664
   3754.94978893  3339.24734511]
 [ -707.68237886  -189.14185442  2377.94609979   772.15939089
   3339.24734511  3394.85755916]]
====
[[  95.21818391   12.83411224  -40.05759614   -7.21064385  -60.10235243
   109.3804037 ]
 [  12.83411231    2.6729656    -5.69104262   -1.13978481   -9.50379306
    16.41796386]
 [ -40.0575962    -5.69104261   16.98116006    3.05167426   25.723877
   -46.55851293]
 [  -7.21064392   -1.13978481    3.05167428    0.60545027    4.79690938
    -8.56021619]
 [ -60.10235236   -9.50379301   25.72387693    4.79690933   40.0245794
   -71.5366929 ]
 [ 109.3804037    16.41796378  -46.55851285   -8.56021611  -71.53669297
   128.6401854 ]]
====
(array([  1.63979941e-12,   3.55350122e-03,   3.75435816e-01,
         1.51441413e+01,   4.36539446e+03,   1.02491493e+04]), array([[ -2.45281693e-11,   5.78042608e-01,  -6.66897991e-01,
          2.52499643e-01,   3.96359550e-01,  -1.60265551e-02],
       [  5.00000000e-01,   8.43636255e-02,   5.01371653e-01,
          8.10734468e-02,   6.59913623e-01,  -2.22374348e-01],
       [ -5.00000000e-01,  -2.45269261e-01,   9.61545219e-02,
          6.46119004e-01,   8.74353982e-02,  -5.05452848e-01],
       [ -5.00000000e-01,  -4.48413201e-02,  -5.35811257e-02,
         -6.95134016e-01,   4.05448471e-01,  -3.12279612e-01],
       [  5.00000000e-01,  -3.74474207e-01,  -4.58798256e-01,
         -1.30088459e-01,  -1.67029754e-01,  -5.95358113e-01],
       [ -2.73245310e-11,   6.75537442e-01,   2.85063268e-01,
         -1.09849679e-01,  -4.55500568e-01,  -4.92788371e-01]]))
====
6.39796025635e+15
====
[[  1.00000000e+00  -1.74442942e-10   1.81171467e-10   1.72126312e-10
   -1.60757877e-10  -1.06729279e-11]
 [ -1.27145905e-10   7.50000000e-01   2.50000000e-01   2.50000000e-01
   -2.50000000e-01  -1.59804469e-10]
 [  1.39947195e-10   2.50000000e-01   7.50000000e-01  -2.50000000e-01
    2.50000000e-01   1.31300382e-10]
 [  1.59987079e-10   2.50000000e-01  -2.50000000e-01   7.50000000e-01
    2.50000000e-01   1.79056741e-10]
 [ -1.89722189e-10  -2.50000000e-01   2.50000000e-01   2.50000000e-01
    7.50000000e-01  -2.93995908e-10]
 [ -7.60779813e-12  -2.06448953e-10   2.27183837e-10   2.01906487e-10
   -1.67773841e-10   1.00000000e+00]] [[ 1.  0.  0.  0.  0.  0.]
 [ 0.  1.  0.  0.  0.  0.]
 [ 0.  0.  1.  0.  0.  0.]
 [ 0.  0.  0.  1.  0.  0.]
 [ 0.  0.  0.  0.  1.  0.]
 [ 0.  0.  0.  0.  0.  1.]]
