sim =  False
[[  887.4155849   1516.66590207   304.68479007   965.41503726
   -246.56607474  -910.71953823]
 [ 1516.66590207  3098.95682263  1807.64648719  2417.906424    1126.59608855
   -243.46993485]
 [  304.68479007  1807.64648719  3420.63539163  2272.20492741
   3885.19383185  3060.0057012 ]
 [  965.41503726  2417.906424    2272.20492741  2219.12478231
   2073.42328572   993.60786494]
 [ -246.56607474  1126.59608855  3885.19383185  2073.42328572
   4832.02102902  4297.08350098]
 [ -910.71953823  -243.46993485  3060.0057012    993.60786494
   4297.08350098  4368.67634711]]
====
[[ 73.9984345    9.97410257 -31.13050343  -5.60386035 -46.70846649
   85.00468405]
 [  9.97410261   2.07723842  -4.42278334  -0.88579441  -7.38581619
   12.7591733 ]
 [-31.13050346  -4.42278333  13.19674829   2.37164359  19.99117527
  -36.18265994]
 [ -5.60386038  -0.88579442   2.3716436    0.47054104   3.72797907
   -6.65268395]
 [-46.70846646  -7.38581616  19.99117523   3.72797905  31.10497053
  -55.59451721]
 [ 85.00468405  12.75917327 -36.1826599   -6.65268391 -55.59451724
   99.9722695 ]]
====
(array([ -8.34693426e-13,   4.57249714e-03,   4.83149061e-01,
         1.94876581e+01,   5.61784444e+03,   1.31890101e+04]), array([[  1.37328874e-10,   5.78042752e-01,  -6.66898139e-01,
          2.52498829e-01,   3.96359530e-01,  -1.60285248e-02],
       [  5.00000000e-01,   8.43638978e-02,   5.01371633e-01,
          8.10735467e-02,   6.59912214e-01,  -2.22378434e-01],
       [ -5.00000000e-01,  -2.45268311e-01,   9.61546927e-02,
          6.46120479e-01,   8.74323415e-02,  -5.05451919e-01],
       [ -5.00000000e-01,  -4.48422921e-02,  -5.35812080e-02,
         -6.95133361e-01,   4.05446197e-01,  -3.12283870e-01],
       [  5.00000000e-01,  -3.74474501e-01,  -4.58798148e-01,
         -1.30086428e-01,  -1.67033676e-01,  -5.95357355e-01],
       [  1.63404470e-10,   6.75537403e-01,   2.85063057e-01,
         -1.09849348e-01,  -4.55503799e-01,  -4.92785634e-01]]))
====
6.39796025635e+15
====
[[  1.00000000e+00  -1.49057830e-10   1.47258839e-10   1.52046094e-10
   -1.72670892e-10   4.17372727e-11]
 [ -8.97322400e-11   7.50000000e-01   2.50000000e-01   2.50000000e-01
   -2.50000000e-01  -1.40329206e-10]
 [  2.19086380e-10   2.50000000e-01   7.50000000e-01  -2.50000000e-01
    2.50000000e-01   1.75936771e-10]
 [  1.50926547e-10   2.50000000e-01  -2.50000000e-01   7.50000000e-01
    2.50000000e-01   1.61511779e-10]
 [ -1.60482696e-10  -2.50000000e-01   2.50000000e-01   2.50000000e-01
    7.50000000e-01  -2.08608201e-10]
 [  2.04479350e-11  -1.84075855e-10   1.82051128e-10   1.85309596e-10
   -1.77869264e-10   1.00000000e+00]] [[ 1.  0.  0.  0.  0.  0.]
 [ 0.  1.  0.  0.  0.  0.]
 [ 0.  0.  1.  0.  0.  0.]
 [ 0.  0.  0.  1.  0.  0.]
 [ 0.  0.  0.  0.  1.  0.]
 [ 0.  0.  0.  0.  0.  1.]]
